(title "Spectral Analysis of Pressure at receiver-1")
(labels "Frequency (Hz)" "Sound Pressure Level (dB)")

((xy/key/label "Pressure")
5.0403314e+00	2.9237886e+01
1.0080663e+01	2.9401676e+01
1.5120995e+01	2.9458498e+01
2.0161325e+01	2.9477604e+01
2.5201656e+01	2.9542841e+01
3.0241989e+01	2.9726542e+01
3.5282318e+01	2.9808897e+01
4.0322651e+01	2.9930117e+01
4.5362984e+01	3.0216587e+01
5.0403313e+01	3.0369047e+01
5.5443645e+01	3.0538504e+01
6.0483978e+01	3.0722227e+01
6.5524307e+01	3.0945972e+01
7.0564636e+01	3.1160583e+01
7.5604973e+01	3.1385082e+01
8.0645302e+01	3.1675268e+01
8.5685631e+01	3.1781818e+01
9.0725967e+01	3.2196167e+01
9.5766296e+01	3.2285824e+01
1.0080663e+02	3.2673706e+01
1.0584696e+02	3.2512337e+01
1.1088729e+02	3.2702465e+01
1.1592762e+02	2.1503592e+01
1.2096796e+02	3.5141735e+01
1.2600829e+02	3.3234509e+01
1.3104861e+02	3.4861202e+01
1.3608894e+02	3.5038925e+01
1.4112927e+02	3.6350628e+01
1.4616962e+02	3.6175179e+01
1.5120995e+02	3.6921085e+01
1.5625027e+02	3.7698273e+01
1.6129060e+02	3.8262634e+01
1.6633093e+02	4.1605267e+01
1.7137126e+02	3.7694485e+01
1.7641159e+02	3.8331085e+01
1.8145193e+02	3.9253494e+01
1.8649226e+02	3.9860970e+01
1.9153259e+02	3.9841351e+01
1.9657292e+02	4.1458706e+01
2.0161325e+02	4.1381702e+01
2.0665358e+02	4.2583427e+01
2.1169392e+02	4.1964809e+01
2.1673425e+02	4.6378033e+01
2.2177458e+02	4.3779579e+01
2.2681491e+02	4.3605137e+01
2.3185524e+02	4.4136074e+01
2.3689557e+02	4.4598801e+01
2.4193591e+02	4.5259449e+01
2.4697624e+02	4.5784645e+01
2.5201657e+02	4.6267944e+01
2.5705688e+02	4.6949474e+01
2.6209723e+02	4.7618256e+01
2.6713757e+02	4.8348179e+01
2.7217789e+02	4.9065117e+01
2.7721823e+02	4.9888309e+01
2.8225854e+02	5.0780453e+01
2.8729889e+02	5.1794346e+01
2.9233923e+02	5.2879147e+01
2.9737955e+02	5.4157387e+01
3.0241989e+02	5.5504688e+01
3.0746021e+02	5.7202801e+01
3.1250055e+02	5.9154369e+01
3.1754086e+02	6.1731869e+01
3.2258121e+02	6.5040962e+01
3.2762155e+02	7.0345688e+01
3.3266187e+02	8.9654442e+01
3.3770221e+02	7.3479004e+01
3.4274252e+02	6.6395729e+01
3.4778287e+02	6.2924706e+01
3.5282318e+02	6.0507797e+01
3.5786353e+02	5.8616989e+01
3.6290387e+02	5.7091099e+01
3.6794418e+02	5.5825356e+01
3.7298453e+02	5.4738804e+01
3.7802484e+02	5.3828220e+01
3.8306519e+02	5.2960403e+01
3.8810553e+02	5.2227463e+01
3.9314584e+02	5.1570755e+01
3.9818619e+02	5.1022686e+01
4.0322650e+02	5.0444336e+01
4.0826685e+02	4.9977108e+01
4.1330716e+02	4.9535179e+01
4.1834750e+02	4.9118538e+01
4.2338785e+02	4.8813129e+01
4.2842816e+02	4.8453747e+01
4.3346851e+02	4.8119213e+01
4.3850882e+02	4.7769108e+01
4.4354916e+02	4.7395756e+01
4.4858948e+02	4.7037380e+01
4.5362982e+02	4.7369503e+01
4.5867017e+02	4.6968330e+01
4.6371048e+02	4.6843704e+01
4.6875082e+02	4.6568066e+01
4.7379114e+02	4.6499756e+01
4.7883148e+02	4.6370934e+01
4.8387183e+02	4.6239735e+01
4.8891214e+02	4.6156082e+01
4.9395248e+02	4.5965187e+01
4.9899280e+02	4.5307827e+01
5.0403314e+02	4.6041553e+01
5.0907346e+02	4.5964039e+01
5.1411377e+02	4.5941830e+01
5.1915411e+02	4.5935848e+01
5.2419446e+02	4.5949501e+01
5.2923480e+02	4.5942280e+01
5.3427515e+02	4.6147202e+01
5.3931543e+02	4.6152241e+01
5.4435577e+02	4.6019917e+01
5.4939612e+02	4.7155128e+01
5.5443646e+02	4.6038174e+01
5.5947681e+02	4.6282143e+01
5.6451709e+02	4.6486897e+01
5.6955743e+02	4.6700573e+01
5.7459778e+02	4.6949799e+01
5.7963812e+02	4.7188751e+01
5.8467847e+02	4.7481148e+01
5.8971875e+02	4.7806042e+01
5.9475909e+02	4.8174335e+01
5.9979944e+02	4.8605000e+01
6.0483978e+02	4.9077343e+01
6.0988007e+02	4.9613525e+01
6.1492041e+02	5.0226868e+01
6.1996075e+02	5.0925819e+01
6.2500110e+02	5.1745422e+01
6.3004144e+02	5.2688061e+01
6.3508173e+02	5.3794842e+01
6.4012207e+02	5.5145939e+01
6.4516241e+02	5.6819008e+01
6.5020276e+02	5.8986504e+01
6.5524310e+02	6.1966602e+01
6.6028339e+02	6.6838295e+01
6.6532373e+02	8.0535233e+01
6.7036407e+02	7.1443542e+01
6.7540442e+02	6.3709846e+01
6.8044476e+02	5.9751343e+01
6.8548505e+02	5.6963684e+01
6.9052539e+02	5.4804897e+01
6.9556573e+02	5.3052639e+01
7.0060608e+02	5.1583252e+01
7.0564636e+02	5.0313507e+01
7.1068671e+02	4.9204166e+01
7.1572705e+02	4.8193447e+01
7.2076740e+02	4.7308060e+01
7.2580774e+02	4.6500732e+01
7.3084802e+02	4.5776440e+01
7.3588837e+02	4.5109322e+01
7.4092871e+02	4.4482983e+01
7.4596906e+02	4.3922966e+01
7.5100940e+02	4.3408558e+01
7.5604968e+02	4.2988529e+01
7.6109003e+02	4.2561043e+01
7.6613037e+02	4.2079479e+01
7.7117072e+02	4.1691277e+01
7.7621106e+02	4.1309261e+01
7.8125134e+02	4.0910713e+01
7.8629169e+02	4.1049587e+01
7.9133203e+02	4.0578510e+01
7.9637238e+02	4.0373634e+01
8.0141266e+02	4.0089634e+01
8.0645300e+02	3.9936691e+01
8.1149335e+02	3.9780464e+01
8.1653369e+02	3.9622543e+01
8.2157404e+02	3.9475124e+01
8.2661432e+02	3.9292923e+01
8.3165466e+02	3.8959293e+01
8.3669501e+02	3.9283863e+01
8.4173535e+02	3.9195869e+01
8.4677570e+02	3.9165520e+01
8.5181598e+02	3.9140671e+01
8.5685632e+02	3.9158447e+01
8.6189667e+02	3.9152149e+01
8.6693701e+02	3.9261372e+01
8.7197736e+02	3.9263954e+01
8.7701764e+02	3.9248920e+01
8.8205798e+02	3.9993050e+01
8.8709833e+02	3.9249363e+01
8.9213867e+02	3.9512943e+01
8.9717896e+02	3.9736786e+01
9.0221930e+02	3.9958469e+01
9.0725964e+02	4.0218178e+01
9.1229999e+02	4.0473034e+01
9.1734033e+02	4.0768433e+01
9.2238062e+02	4.1110966e+01
9.2742096e+02	4.1490089e+01
9.3246130e+02	4.1925133e+01
9.3750165e+02	4.2401672e+01
9.4254199e+02	4.2946564e+01
9.4758228e+02	4.3565231e+01
9.5262262e+02	4.4266663e+01
9.5766296e+02	4.5074696e+01
9.6270331e+02	4.6010353e+01
9.6774365e+02	4.7099743e+01
9.7278394e+02	4.8427719e+01
9.7782428e+02	5.0050869e+01
9.8286462e+02	5.2139019e+01
9.8790497e+02	5.4999847e+01
9.9294525e+02	5.9548512e+01
9.9798560e+02	7.0471336e+01
1.0030259e+03	6.6634438e+01
1.0080663e+03	5.7965977e+01
1.0131066e+03	5.3701149e+01
1.0181469e+03	5.0766758e+01
1.0231873e+03	4.8527069e+01
1.0282275e+03	4.6717678e+01
1.0332679e+03	4.5202751e+01
1.0383082e+03	4.3889526e+01
1.0433486e+03	4.2734959e+01
1.0483889e+03	4.1694786e+01
1.0534292e+03	4.0769775e+01
1.0584696e+03	3.9923286e+01
1.0635099e+03	3.9160240e+01
1.0685503e+03	3.8443184e+01
1.0735906e+03	3.7778904e+01
1.0786309e+03	3.7178028e+01
1.0836713e+03	3.6617676e+01
1.0887115e+03	3.6133190e+01
1.0937520e+03	3.5576111e+01
1.0987922e+03	3.5089100e+01
1.1038325e+03	3.4657074e+01
1.1088729e+03	3.4261463e+01
1.1139132e+03	3.3901676e+01
1.1189536e+03	3.3603809e+01
1.1239939e+03	3.3198746e+01
1.1290342e+03	3.2869999e+01
1.1340746e+03	3.2576023e+01
1.1391149e+03	3.2385540e+01
1.1441553e+03	3.2051678e+01
1.1491956e+03	3.1788971e+01
1.1542358e+03	3.1539227e+01
1.1592762e+03	3.1307720e+01
1.1643165e+03	3.1008724e+01
1.1693569e+03	3.1157309e+01
1.1743972e+03	3.0968208e+01
1.1794375e+03	3.0785944e+01
1.1844779e+03	3.0670458e+01
1.1895182e+03	3.0573977e+01
1.1945586e+03	3.0479530e+01
1.1995989e+03	3.0443027e+01
1.2046392e+03	3.0329462e+01
1.2096796e+03	3.0336985e+01
1.2147198e+03	3.0641645e+01
1.2197601e+03	3.0205736e+01
1.2248005e+03	3.0466492e+01
1.2298408e+03	3.0606468e+01
1.2348812e+03	3.0727053e+01
1.2399215e+03	3.0939381e+01
1.2449618e+03	3.1105391e+01
1.2500022e+03	3.1371223e+01
1.2550425e+03	3.1672455e+01
1.2600829e+03	3.2017593e+01
1.2651232e+03	3.2446541e+01
1.2701635e+03	3.2903111e+01
1.2752039e+03	3.3454002e+01
1.2802441e+03	3.4081272e+01
1.2852845e+03	3.4812630e+01
1.2903248e+03	3.5657940e+01
1.2953651e+03	3.6638283e+01
1.3004055e+03	3.7791824e+01
1.3054458e+03	3.9190002e+01
1.3104862e+03	4.0872093e+01
1.3155265e+03	4.3015507e+01
1.3205668e+03	4.5896469e+01
1.3256072e+03	5.0297890e+01
1.3306475e+03	5.9613331e+01
1.3356879e+03	6.0647575e+01
1.3407281e+03	5.0784439e+01
1.3457684e+03	4.6384995e+01
1.3508088e+03	4.3522617e+01
1.3558491e+03	4.1416351e+01
1.3608895e+03	3.9772976e+01
1.3659298e+03	3.8441807e+01
1.3709701e+03	3.7309860e+01
1.3760105e+03	3.6370918e+01
1.3810508e+03	3.5532360e+01
1.3860911e+03	3.4814949e+01
1.3911315e+03	3.4180267e+01
1.3961718e+03	3.3613132e+01
1.4012122e+03	3.3102554e+01
1.4062524e+03	3.2637173e+01
1.4112927e+03	3.2241386e+01
1.4163331e+03	3.1872074e+01
1.4213734e+03	3.1542845e+01
1.4264138e+03	3.1213223e+01
1.4314541e+03	3.0919123e+01
1.4364944e+03	3.0644270e+01
1.4415348e+03	3.0422794e+01
1.4465751e+03	3.0205025e+01
1.4516155e+03	3.0104282e+01
1.4566558e+03	2.9819555e+01
1.4616960e+03	2.9655243e+01
1.4667365e+03	2.9490229e+01
1.4717767e+03	2.9379324e+01
1.4768171e+03	2.9214363e+01
1.4818574e+03	2.9101919e+01
1.4868977e+03	2.8997272e+01
1.4919381e+03	2.8877483e+01
1.4969784e+03	2.8759104e+01
1.5020188e+03	2.8780533e+01
1.5070591e+03	2.8717598e+01
1.5120994e+03	2.8642242e+01
1.5171398e+03	2.8569242e+01
1.5221801e+03	2.8560900e+01
1.5272205e+03	2.8506935e+01
1.5322607e+03	2.8489899e+01
1.5373010e+03	2.8454062e+01
1.5423414e+03	2.8458982e+01
1.5473817e+03	2.8630337e+01
1.5524221e+03	2.8390488e+01
1.5574624e+03	2.8512388e+01
1.5625027e+03	2.8595650e+01
1.5675431e+03	2.8660101e+01
1.5725834e+03	2.8746283e+01
1.5776237e+03	2.8851337e+01
1.5826641e+03	2.8959419e+01
1.5877043e+03	2.9100037e+01
1.5927448e+03	2.9258123e+01
1.5977850e+03	2.9466299e+01
1.6028253e+03	2.9701679e+01
1.6078657e+03	2.9957102e+01
1.6129060e+03	3.0258146e+01
1.6179464e+03	3.0663683e+01
1.6229867e+03	3.1112444e+01
1.6280270e+03	3.1648136e+01
1.6330674e+03	3.2321720e+01
1.6381077e+03	3.3173992e+01
1.6431481e+03	3.4266697e+01
1.6481884e+03	3.5725296e+01
1.6532286e+03	3.7824917e+01
1.6582690e+03	4.1217159e+01
1.6633093e+03	4.8475964e+01
1.6683497e+03	5.3500099e+01
1.6733900e+03	4.0601307e+01
1.6784303e+03	3.4781746e+01
1.6834707e+03	3.0555668e+01
1.6885110e+03	2.7027740e+01
1.6935514e+03	2.3776747e+01
1.6985917e+03	2.0573706e+01
1.7036320e+03	1.7283667e+01
1.7086724e+03	1.3444915e+01
1.7137126e+03	8.5345955e+00
1.7187531e+03	5.1874840e-01
1.7237933e+03	-1.1674225e+01
1.7288336e+03	1.9426409e+00
1.7338740e+03	7.0803485e+00
1.7389143e+03	9.4324684e+00
1.7439547e+03	1.1136686e+01
1.7489950e+03	1.2610254e+01
1.7540353e+03	1.3378021e+01
1.7590757e+03	1.4388238e+01
1.7641160e+03	1.4864265e+01
1.7691563e+03	1.5358776e+01
1.7741967e+03	1.5872432e+01
1.7792369e+03	1.6143599e+01
1.7842773e+03	1.6460087e+01
1.7893176e+03	1.6830309e+01
1.7943579e+03	1.6916849e+01
1.7993983e+03	1.7355999e+01
1.8044386e+03	1.7424173e+01
1.8094790e+03	1.7509665e+01
1.8145193e+03	1.7623695e+01
1.8195596e+03	1.7771208e+01
1.8246000e+03	1.7871965e+01
1.8296403e+03	1.7914331e+01
1.8346807e+03	1.8194485e+01
1.8397209e+03	1.8033480e+01
1.8447612e+03	1.8114275e+01
1.8498016e+03	1.8234285e+01
1.8548419e+03	1.8165346e+01
1.8598823e+03	1.8200045e+01
1.8649226e+03	1.8313639e+01
1.8699629e+03	1.8256659e+01
1.8750033e+03	1.8229328e+01
1.8800436e+03	1.8092228e+01
1.8850840e+03	1.8349031e+01
1.8901243e+03	1.8275593e+01
1.8951646e+03	1.8139231e+01
1.9002050e+03	1.8137516e+01
1.9052452e+03	1.8088795e+01
1.9102856e+03	1.7975952e+01
1.9153259e+03	1.7843561e+01
1.9203662e+03	1.7799397e+01
1.9254066e+03	1.7813389e+01
1.9304469e+03	1.7546122e+01
1.9354873e+03	1.7552689e+01
1.9405276e+03	1.7282526e+01
1.9455679e+03	1.7045727e+01
1.9506083e+03	1.6674509e+01
1.9556486e+03	1.6436777e+01
1.9606888e+03	1.6102280e+01
1.9657292e+03	1.5816799e+01
1.9707695e+03	1.5519808e+01
1.9758099e+03	1.5858609e+01
1.9808502e+03	1.6987289e+01
1.9858905e+03	1.9981724e+01
1.9909309e+03	2.5092537e+01
1.9959712e+03	3.3788395e+01
2.0010116e+03	4.7171036e+01
2.0060519e+03	3.3133820e+01
2.0110922e+03	2.9200357e+01
2.0161326e+03	2.7119175e+01
2.0211729e+03	2.5803766e+01
2.0262133e+03	2.4899725e+01
2.0312535e+03	2.4258778e+01
2.0362938e+03	2.3734085e+01
2.0413342e+03	2.3346708e+01
2.0463745e+03	2.3008337e+01
2.0514148e+03	2.2737839e+01
2.0564551e+03	2.2528009e+01
2.0614956e+03	2.2339027e+01
2.0665359e+03	2.2075136e+01
2.0715762e+03	2.2020525e+01
2.0766165e+03	2.1829229e+01
2.0816567e+03	2.1732922e+01
2.0866973e+03	2.1657024e+01
2.0917375e+03	2.1525358e+01
2.0967778e+03	2.1458986e+01
2.1018181e+03	2.1437571e+01
2.1068584e+03	2.1293715e+01
2.1118989e+03	2.1206978e+01
2.1169392e+03	2.1181881e+01
2.1219795e+03	2.1150919e+01
2.1270198e+03	2.1033924e+01
2.1320601e+03	2.0921556e+01
2.1371006e+03	2.0928816e+01
2.1421409e+03	2.0888596e+01
2.1471812e+03	2.0970854e+01
2.1522214e+03	2.0835255e+01
2.1572617e+03	2.0821142e+01
2.1623022e+03	2.0784107e+01
2.1673425e+03	2.0563728e+01
2.1723828e+03	2.0710453e+01
2.1774231e+03	2.0643551e+01
2.1824634e+03	2.0527126e+01
2.1875039e+03	2.0577862e+01
2.1925442e+03	2.0594149e+01
2.1975845e+03	2.0428307e+01
2.2026248e+03	2.0523109e+01
2.2076650e+03	2.0570662e+01
2.2127056e+03	2.0457664e+01
2.2177458e+03	2.0339878e+01
2.2227861e+03	2.0337906e+01
2.2278264e+03	2.0387506e+01
2.2328667e+03	2.0264109e+01
2.2379072e+03	2.0343855e+01
2.2429475e+03	2.0267797e+01
2.2479878e+03	2.0289566e+01
2.2530281e+03	2.0293585e+01
2.2580684e+03	2.0040991e+01
2.2631089e+03	2.0130831e+01
2.2681492e+03	2.0153660e+01
2.2731895e+03	2.0085682e+01
2.2782297e+03	2.0136633e+01
2.2832700e+03	2.0135040e+01
2.2883105e+03	2.0149384e+01
2.2933508e+03	2.0138472e+01
2.2983911e+03	2.0099682e+01
2.3034314e+03	2.0108210e+01
2.3084717e+03	2.0179743e+01
2.3135122e+03	2.0104992e+01
2.3185525e+03	2.0267712e+01
2.3235928e+03	2.0641687e+01
2.3286331e+03	2.2461304e+01
2.3336733e+03	4.1433945e+01
2.3387139e+03	2.1891104e+01
2.3437542e+03	2.0542116e+01
2.3487944e+03	2.0083250e+01
2.3538347e+03	1.9995930e+01
2.3588750e+03	1.9917921e+01
2.3639155e+03	1.9751326e+01
2.3689558e+03	1.9876015e+01
2.3739961e+03	1.9796471e+01
2.3790364e+03	1.9734413e+01
2.3840767e+03	1.9806515e+01
2.3891172e+03	1.9664454e+01
2.3941575e+03	1.9690723e+01
2.3991978e+03	1.9862877e+01
2.4042380e+03	1.9572481e+01
2.4092783e+03	1.9724146e+01
2.4143186e+03	1.9674831e+01
2.4193591e+03	1.9554001e+01
2.4243994e+03	1.9600853e+01
2.4294397e+03	1.9534540e+01
2.4344800e+03	1.9413595e+01
2.4395203e+03	1.9603685e+01
2.4445608e+03	1.9532970e+01
2.4496011e+03	1.9425871e+01
2.4546414e+03	1.9461035e+01
2.4596816e+03	1.9544870e+01
2.4647219e+03	1.9515280e+01
2.4697625e+03	1.9409952e+01
2.4748027e+03	1.9465916e+01
2.4798430e+03	1.9225983e+01
2.4848833e+03	1.9324463e+01
2.4899236e+03	1.9378191e+01
2.4949641e+03	1.9303026e+01
2.5000044e+03	1.9409540e+01
2.5050447e+03	1.9394979e+01
2.5100850e+03	1.9196703e+01
2.5151252e+03	1.9347540e+01
2.5201658e+03	1.9255274e+01
2.5252061e+03	1.9151468e+01
2.5302463e+03	1.9321148e+01
2.5352866e+03	1.9058540e+01
2.5403269e+03	1.9061384e+01
2.5453674e+03	1.9280754e+01
2.5504077e+03	1.9068727e+01
2.5554480e+03	1.9186192e+01
2.5604883e+03	1.9090086e+01
2.5655286e+03	1.9184164e+01
2.5705691e+03	1.9008076e+01
2.5756094e+03	1.9102495e+01
2.5806497e+03	1.8806684e+01
2.5856899e+03	1.8960197e+01
2.5907302e+03	1.9062660e+01
2.5957708e+03	1.8937595e+01
2.6008110e+03	1.8921444e+01
2.6058513e+03	1.8769152e+01
2.6108916e+03	1.8724421e+01
2.6159319e+03	1.8615498e+01
2.6209724e+03	1.8750332e+01
2.6260127e+03	1.8520138e+01
2.6310530e+03	1.8547512e+01
2.6360933e+03	1.8318483e+01
2.6411335e+03	1.8109898e+01
2.6461741e+03	1.8146267e+01
2.6512144e+03	1.7825550e+01
2.6562546e+03	1.7276552e+01
2.6612949e+03	1.7033682e+01
2.6663352e+03	4.0431080e+01
2.6713757e+03	2.3572598e+01
2.6764160e+03	2.1331038e+01
2.6814563e+03	2.0414341e+01
2.6864966e+03	2.0181948e+01
2.6915369e+03	1.9866098e+01
2.6965774e+03	1.9661798e+01
2.7016177e+03	1.9662115e+01
2.7066580e+03	1.9516010e+01
2.7116982e+03	1.9459507e+01
2.7167385e+03	1.9373539e+01
2.7217791e+03	1.9431892e+01
2.7268193e+03	1.9243801e+01
2.7318596e+03	1.9119839e+01
2.7368999e+03	1.9255619e+01
2.7419402e+03	1.9082159e+01
2.7469807e+03	1.9167788e+01
2.7520210e+03	1.9180885e+01
2.7570613e+03	1.9154455e+01
2.7621016e+03	1.9233538e+01
2.7671418e+03	1.9148674e+01
2.7721821e+03	1.8964746e+01
2.7772227e+03	1.9114391e+01
2.7822629e+03	1.9044281e+01
2.7873032e+03	1.8992659e+01
2.7923435e+03	1.8930828e+01
2.7973838e+03	1.9033220e+01
2.8024243e+03	1.8948067e+01
2.8074646e+03	1.8934702e+01
2.8125049e+03	1.9081932e+01
2.8175452e+03	1.8937460e+01
2.8225854e+03	1.8921581e+01
2.8276260e+03	1.8912045e+01
2.8326663e+03	1.8885956e+01
2.8377065e+03	1.8884588e+01
2.8427468e+03	1.8864668e+01
2.8477871e+03	1.8921993e+01
2.8528276e+03	1.9005518e+01
2.8578679e+03	1.8934404e+01
2.8629082e+03	1.8860292e+01
2.8679485e+03	1.9001194e+01
2.8729888e+03	1.8902399e+01
2.8780293e+03	1.8852821e+01
2.8830696e+03	1.8994118e+01
2.8881099e+03	1.8931175e+01
2.8931501e+03	1.8835159e+01
2.8981904e+03	1.8816551e+01
2.9032310e+03	1.9082186e+01
2.9082712e+03	1.8906542e+01
2.9133115e+03	1.9188648e+01
2.9183518e+03	1.9051085e+01
2.9233921e+03	1.9102240e+01
2.9284326e+03	1.9088964e+01
2.9334729e+03	1.9119186e+01
2.9385132e+03	1.9286270e+01
2.9435535e+03	1.9271198e+01
2.9485938e+03	1.9400579e+01
2.9536343e+03	1.9350935e+01
2.9586746e+03	1.9524813e+01
2.9637148e+03	1.9789722e+01
2.9687551e+03	2.0006001e+01
2.9737954e+03	2.0358036e+01
2.9788359e+03	2.0772127e+01
2.9838762e+03	2.1371311e+01
2.9889165e+03	2.2662693e+01
2.9939568e+03	2.5161787e+01
2.9989971e+03	3.7177265e+01
3.0040376e+03	1.9742701e+01
3.0090779e+03	1.1383814e+01
3.0141182e+03	1.3614777e+01
3.0191584e+03	1.4335642e+01
3.0241987e+03	1.5356830e+01
3.0292393e+03	1.5856590e+01
3.0342795e+03	1.6122488e+01
3.0393198e+03	1.6407143e+01
3.0443601e+03	1.6607565e+01
3.0494004e+03	1.6698566e+01
3.0544409e+03	1.6795284e+01
3.0594812e+03	1.6793499e+01
3.0645215e+03	1.6985306e+01
3.0695618e+03	1.7120342e+01
3.0746021e+03	1.6901400e+01
3.0796426e+03	1.7051973e+01
3.0846829e+03	1.7159569e+01
3.0897231e+03	1.7142262e+01
3.0947634e+03	1.7091242e+01
3.0998037e+03	1.7329191e+01
3.1048442e+03	1.7311262e+01
3.1098845e+03	1.7231796e+01
3.1149248e+03	1.7220507e+01
3.1199651e+03	1.7234642e+01
3.1250054e+03	1.7241915e+01
3.1300459e+03	1.7160589e+01
3.1350862e+03	1.7229767e+01
3.1401265e+03	1.7410976e+01
3.1451667e+03	1.7135494e+01
3.1502070e+03	1.7263165e+01
3.1552473e+03	1.7365065e+01
3.1602878e+03	1.7201363e+01
3.1653281e+03	1.7143927e+01
3.1703684e+03	1.7243074e+01
3.1754087e+03	1.7162184e+01
3.1804490e+03	1.7177715e+01
3.1854895e+03	1.7066425e+01
3.1905298e+03	1.7213272e+01
3.1955701e+03	1.7113419e+01
3.2006104e+03	1.7197233e+01
3.2056506e+03	1.7091257e+01
3.2106912e+03	1.7084375e+01
3.2157314e+03	1.7074276e+01
3.2207717e+03	1.6970407e+01
3.2258120e+03	1.7045801e+01
3.2308523e+03	1.6929644e+01
3.2358928e+03	1.6755033e+01
3.2409331e+03	1.6866541e+01
3.2459734e+03	1.6813847e+01
3.2510137e+03	1.6817345e+01
3.2560540e+03	1.6763638e+01
3.2610945e+03	1.6664434e+01
3.2661348e+03	1.6533148e+01
3.2711750e+03	1.6541346e+01
3.2762153e+03	1.6337801e+01
3.2812556e+03	1.6397497e+01
3.2862961e+03	1.6298862e+01
3.2913364e+03	1.6015074e+01
3.2963767e+03	1.5714254e+01
3.3014170e+03	1.5375378e+01
3.3064573e+03	1.4873549e+01
3.3114978e+03	1.3840414e+01
3.3165381e+03	1.2884987e+01
3.3215784e+03	9.3997068e+00
3.3266187e+03	3.4324951e+00
3.3316589e+03	2.8223921e+01
3.3366995e+03	2.7519760e+01
3.3417397e+03	2.2813126e+01
3.3467800e+03	2.1218346e+01
3.3518203e+03	2.0438799e+01
3.3568606e+03	1.9852201e+01
3.3619011e+03	1.9477152e+01
3.3669414e+03	1.9185661e+01
3.3719817e+03	1.8912066e+01
3.3770220e+03	1.8766930e+01
3.3820623e+03	1.8625113e+01
3.3871028e+03	1.8539476e+01
3.3921431e+03	1.8547775e+01
3.3971833e+03	1.8467230e+01
3.4022236e+03	1.8319487e+01
3.4072639e+03	1.8357723e+01
3.4123044e+03	1.8235804e+01
3.4173447e+03	1.8159075e+01
3.4223850e+03	1.8130955e+01
3.4274253e+03	1.8044727e+01
3.4324656e+03	1.7938433e+01
3.4375061e+03	1.8079355e+01
3.4425464e+03	1.7985907e+01
3.4475867e+03	1.8047098e+01
3.4526270e+03	1.7994806e+01
3.4576672e+03	1.8057779e+01
3.4627078e+03	1.7997286e+01
3.4677480e+03	1.7905188e+01
3.4727883e+03	1.7996992e+01
3.4778286e+03	1.8002262e+01
3.4828689e+03	1.7868008e+01
3.4879094e+03	1.7816813e+01
3.4929497e+03	1.7822802e+01
3.4979900e+03	1.7743452e+01
3.5030303e+03	1.7959318e+01
3.5080706e+03	1.7809805e+01
3.5131108e+03	1.7729544e+01
3.5181514e+03	1.7954023e+01
3.5231917e+03	1.7756199e+01
3.5282319e+03	1.7782013e+01
3.5332722e+03	1.7863882e+01
3.5383125e+03	1.7918455e+01
3.5433530e+03	1.7881506e+01
3.5483933e+03	1.7719095e+01
3.5534336e+03	1.7893204e+01
3.5584739e+03	1.7856951e+01
3.5635142e+03	1.7936314e+01
3.5685547e+03	1.7736187e+01
3.5735950e+03	1.8010426e+01
3.5786353e+03	1.7767668e+01
3.5836755e+03	1.7695999e+01
3.5887158e+03	1.8000523e+01
3.5937563e+03	1.8024103e+01
3.5987966e+03	1.7977064e+01
3.6038369e+03	1.7902042e+01
3.6088772e+03	1.8006264e+01
3.6139175e+03	1.8030783e+01
3.6189580e+03	1.8196779e+01
3.6239983e+03	1.8242634e+01
3.6290386e+03	1.8407007e+01
3.6340789e+03	1.8521494e+01
3.6391191e+03	1.8730001e+01
3.6441597e+03	1.9127146e+01
3.6492000e+03	1.9469679e+01
3.6542402e+03	2.0550001e+01
3.6592805e+03	2.2452719e+01
3.6643208e+03	2.8947956e+01
3.6693613e+03	2.3647865e+01
3.6744016e+03	1.4722878e+01
3.6794419e+03	1.4043975e+01
3.6844822e+03	1.4726963e+01
3.6895225e+03	1.5305125e+01
3.6945630e+03	1.5439434e+01
3.6996033e+03	1.5828317e+01
3.7046436e+03	1.5989876e+01
3.7096838e+03	1.6028183e+01
3.7147241e+03	1.6358349e+01
3.7197646e+03	1.6291773e+01
3.7248049e+03	1.6361935e+01
3.7298452e+03	1.6348204e+01
3.7348855e+03	1.6494850e+01
3.7399258e+03	1.6679211e+01
3.7449663e+03	1.6488956e+01
3.7500066e+03	1.6389652e+01
3.7550469e+03	1.6635506e+01
3.7600872e+03	1.6590950e+01
3.7651274e+03	1.6353264e+01
3.7701680e+03	1.6597525e+01
3.7752083e+03	1.6549257e+01
3.7802485e+03	1.6545780e+01
3.7852888e+03	1.6472130e+01
3.7903291e+03	1.6550341e+01
3.7953696e+03	1.6601921e+01
3.8004099e+03	1.6790400e+01
3.8054502e+03	1.6393269e+01
3.8104905e+03	1.6535131e+01
3.8155308e+03	1.6760229e+01
3.8205713e+03	1.6630114e+01
3.8256116e+03	1.6680254e+01
3.8306519e+03	1.6975323e+01
3.8356921e+03	1.6399075e+01
3.8407324e+03	1.6766258e+01
3.8457729e+03	1.6559963e+01
3.8508132e+03	1.6535347e+01
3.8558535e+03	1.6576202e+01
3.8608938e+03	1.6717945e+01
3.8659341e+03	1.6469963e+01
3.8709746e+03	1.6413395e+01
3.8760149e+03	1.6627558e+01
3.8810552e+03	1.6553799e+01
3.8860955e+03	1.6578188e+01
3.8911357e+03	1.6692648e+01
3.8961760e+03	1.6617470e+01
3.9012166e+03	1.6941586e+01
3.9062568e+03	1.6412968e+01
3.9112971e+03	1.6571657e+01
3.9163374e+03	1.6612438e+01
3.9213777e+03	1.6330475e+01
3.9264182e+03	1.6335472e+01
3.9314585e+03	1.6722370e+01
3.9364988e+03	1.6619017e+01
3.9415391e+03	1.6506453e+01
3.9465793e+03	1.6285542e+01
3.9516199e+03	1.6399637e+01
3.9566602e+03	1.6376305e+01
3.9617004e+03	1.6421440e+01
3.9667407e+03	1.6444586e+01
3.9717810e+03	1.6392790e+01
3.9768215e+03	1.6393156e+01
3.9818618e+03	1.6319664e+01
3.9869021e+03	1.6159903e+01
3.9919424e+03	1.7128700e+01
3.9969827e+03	2.2232525e+01
4.0020232e+03	2.6855032e+01
4.0070635e+03	1.9916471e+01
4.0121038e+03	1.8560259e+01
4.0171440e+03	1.8041285e+01
4.0221843e+03	1.7499186e+01
4.0272249e+03	1.7310366e+01
4.0322651e+03	1.7202139e+01
4.0373054e+03	1.7076797e+01
4.0423457e+03	1.7125448e+01
4.0473860e+03	1.6871857e+01
4.0524265e+03	1.7000856e+01
4.0574668e+03	1.6753799e+01
4.0625071e+03	1.6889870e+01
4.0675474e+03	1.6711811e+01
4.0725876e+03	1.6744347e+01
4.0776282e+03	1.7034359e+01
4.0826685e+03	1.6823393e+01
4.0877087e+03	1.6698418e+01
4.0927490e+03	1.6734064e+01
4.0977896e+03	1.6885923e+01
4.1028296e+03	1.7033398e+01
4.1078701e+03	1.6750698e+01
4.1129102e+03	1.6724422e+01
4.1179507e+03	1.6718277e+01
4.1229912e+03	1.6584360e+01
4.1280313e+03	1.6831354e+01
4.1330718e+03	1.6429251e+01
4.1381118e+03	1.6897259e+01
4.1431523e+03	1.6645947e+01
4.1481929e+03	1.6582920e+01
4.1532329e+03	1.6645292e+01
4.1582734e+03	1.6470539e+01
4.1633135e+03	1.6436630e+01
4.1683540e+03	1.6576265e+01
4.1733945e+03	1.6616516e+01
4.1784346e+03	1.6682276e+01
4.1834751e+03	1.6580816e+01
4.1885151e+03	1.6612522e+01
4.1935557e+03	1.6347866e+01
4.1985962e+03	1.6538755e+01
4.2036362e+03	1.6617306e+01
4.2086768e+03	1.6592667e+01
4.2137168e+03	1.6703314e+01
4.2187573e+03	1.6370802e+01
4.2237979e+03	1.6407488e+01
4.2288379e+03	1.6441492e+01
4.2338784e+03	1.6437551e+01
4.2389185e+03	1.6741163e+01
4.2439590e+03	1.6481432e+01
4.2489995e+03	1.6547823e+01
4.2540396e+03	1.6578327e+01
4.2590801e+03	1.6265188e+01
4.2641201e+03	1.6241035e+01
4.2691606e+03	1.6415766e+01
4.2742012e+03	1.6344366e+01
4.2792412e+03	1.6551149e+01
4.2842817e+03	1.6239548e+01
4.2893218e+03	1.6356195e+01
4.2943623e+03	1.6297352e+01
4.2994028e+03	1.6206417e+01
4.3044429e+03	1.6126554e+01
4.3094834e+03	1.5926338e+01
4.3145234e+03	1.5988830e+01
4.3195640e+03	1.5954116e+01
4.3246045e+03	1.5501035e+01
4.3296445e+03	1.7364632e+01
4.3346851e+03	2.7228140e+01
4.3397251e+03	1.9368668e+01
4.3447656e+03	1.8056438e+01
4.3498062e+03	1.7474483e+01
4.3548462e+03	1.7344156e+01
4.3598867e+03	1.7177988e+01
4.3649268e+03	1.7119200e+01
4.3699673e+03	1.7037624e+01
4.3750078e+03	1.7085123e+01
4.3800479e+03	1.6996229e+01
4.3850884e+03	1.6870153e+01
4.3901284e+03	1.6856899e+01
4.3951689e+03	1.6665339e+01
4.4002095e+03	1.6819807e+01
4.4052495e+03	1.6697239e+01
4.4102900e+03	1.6558771e+01
4.4153301e+03	1.6806952e+01
4.4203706e+03	1.6690393e+01
4.4254111e+03	1.6760836e+01
4.4304512e+03	1.6514832e+01
4.4354917e+03	1.6318342e+01
4.4405317e+03	1.6778090e+01
4.4455723e+03	1.6529417e+01
4.4506128e+03	1.6870468e+01
4.4556528e+03	1.6592831e+01
4.4606934e+03	1.6402308e+01
4.4657334e+03	1.6790611e+01
4.4707739e+03	1.6479000e+01
4.4758145e+03	1.6827679e+01
4.4808545e+03	1.6619406e+01
4.4858950e+03	1.6651876e+01
4.4909351e+03	1.6807072e+01
4.4959756e+03	1.6670427e+01
4.5010161e+03	1.6468927e+01
4.5060562e+03	1.6642071e+01
4.5110967e+03	1.6575401e+01
4.5161367e+03	1.6588329e+01
4.5211772e+03	1.6610001e+01
4.5262178e+03	1.6715414e+01
4.5312578e+03	1.6436636e+01
4.5362983e+03	1.6645752e+01
4.5413384e+03	1.6607782e+01
4.5463789e+03	1.6609936e+01
4.5514194e+03	1.6699268e+01
4.5564595e+03	1.6668680e+01
4.5615000e+03	1.6628757e+01
4.5665400e+03	1.6587488e+01
4.5715806e+03	1.6345512e+01
4.5766211e+03	1.6747719e+01
4.5816611e+03	1.6455860e+01
4.5867017e+03	1.6736879e+01
4.5917417e+03	1.6725636e+01
4.5967822e+03	1.6626398e+01
4.6018228e+03	1.6586769e+01
4.6068628e+03	1.6759525e+01
4.6119033e+03	1.6512356e+01
4.6169434e+03	1.6879683e+01
4.6219839e+03	1.6840969e+01
4.6270244e+03	1.6762579e+01
4.6320645e+03	1.6718719e+01
4.6371050e+03	1.6757074e+01
4.6421450e+03	1.6983500e+01
4.6471855e+03	1.7122066e+01
4.6522261e+03	1.7333757e+01
4.6572661e+03	1.7871918e+01
4.6623066e+03	1.9282461e+01
4.6673467e+03	2.2557219e+01
4.6723872e+03	1.4156518e+01
4.6774277e+03	1.5099291e+01
4.6824678e+03	1.5576484e+01
4.6875083e+03	1.5789058e+01
4.6925483e+03	1.5912495e+01
4.6975889e+03	1.5879340e+01
4.7026294e+03	1.6044056e+01
4.7076694e+03	1.6022223e+01
4.7127100e+03	1.6053059e+01
4.7177500e+03	1.6137983e+01
4.7227905e+03	1.6372120e+01
4.7278311e+03	1.6337156e+01
4.7328711e+03	1.6150568e+01
4.7379116e+03	1.6296192e+01
4.7429517e+03	1.6172264e+01
4.7479922e+03	1.6216158e+01
4.7530327e+03	1.6147619e+01
4.7580728e+03	1.6231436e+01
4.7631133e+03	1.6361908e+01
4.7681533e+03	1.6293913e+01
4.7731938e+03	1.6196245e+01
4.7782344e+03	1.6356661e+01
4.7832744e+03	1.6121675e+01
4.7883149e+03	1.6378155e+01
4.7933550e+03	1.6294138e+01
4.7983955e+03	1.6233685e+01
4.8034355e+03	1.6283163e+01
4.8084761e+03	1.6177343e+01
4.8135166e+03	1.6208382e+01
4.8185566e+03	1.6447903e+01
4.8235972e+03	1.6085344e+01
4.8286372e+03	1.6316404e+01
4.8336777e+03	1.6381685e+01
4.8387183e+03	1.6349630e+01
4.8437583e+03	1.6486994e+01
4.8487988e+03	1.6128084e+01
4.8538389e+03	1.6186232e+01
4.8588794e+03	1.6343056e+01
4.8639199e+03	1.6352158e+01
4.8689600e+03	1.6289726e+01
4.8740005e+03	1.6313231e+01
4.8790405e+03	1.6084799e+01
4.8840811e+03	1.6345011e+01
4.8891216e+03	1.6045990e+01
4.8941616e+03	1.6309885e+01
4.8992021e+03	1.6254658e+01
4.9042422e+03	1.6560286e+01
4.9092827e+03	1.6188982e+01
4.9143232e+03	1.6351482e+01
4.9193633e+03	1.6166746e+01
4.9244038e+03	1.6491882e+01
4.9294438e+03	1.6305519e+01
4.9344844e+03	1.6445013e+01
4.9395249e+03	1.6334017e+01
4.9445649e+03	1.6228933e+01
4.9496055e+03	1.6169630e+01
4.9546455e+03	1.6235453e+01
4.9596860e+03	1.6404419e+01
4.9647266e+03	1.6317953e+01
4.9697666e+03	1.6515102e+01
4.9748071e+03	1.6146128e+01
4.9798472e+03	1.6311701e+01
4.9848877e+03	1.6371555e+01
4.9899282e+03	1.6307360e+01
4.9949683e+03	1.6163311e+01
5.0000088e+03	2.1294880e+01
)
