(title "Spectral Analysis of Pressure at receiver-2")
(labels "Frequency (Hz)" "Sound Pressure Level (dB)")

((xy/key/label "Pressure")
5.0403314e+00	7.8585868e+00
1.0080663e+01	8.0737247e+00
1.5120995e+01	8.3657427e+00
2.0161325e+01	8.6134567e+00
2.5201656e+01	8.9915257e+00
3.0241989e+01	9.5198431e+00
3.5282318e+01	9.9551525e+00
4.0322651e+01	1.0396953e+01
4.5362984e+01	1.1082404e+01
5.0403313e+01	1.1548930e+01
5.5443645e+01	1.2026743e+01
6.0483978e+01	1.2499162e+01
6.5524307e+01	1.3010719e+01
7.0564636e+01	1.3459464e+01
7.5604973e+01	1.3931591e+01
8.0645302e+01	1.4451840e+01
8.5685631e+01	1.4736525e+01
9.0725967e+01	1.5278114e+01
9.5766296e+01	1.5629005e+01
1.0080663e+02	1.6120440e+01
1.0584696e+02	1.6043837e+01
1.1088729e+02	1.6008282e+01
1.1592762e+02	-2.0283051e+01
1.2096796e+02	1.9742188e+01
1.2600829e+02	1.7841795e+01
1.3104861e+02	1.9716644e+01
1.3608894e+02	1.9478439e+01
1.4112927e+02	2.1126080e+01
1.4616962e+02	2.1048338e+01
1.5120995e+02	2.1914623e+01
1.5625027e+02	2.2813616e+01
1.6129060e+02	2.3318928e+01
1.6633093e+02	2.6369623e+01
1.7137126e+02	2.2999216e+01
1.7641159e+02	2.3727304e+01
1.8145193e+02	2.4617945e+01
1.8649226e+02	2.5250101e+01
1.9153259e+02	2.5172541e+01
1.9657292e+02	2.6835789e+01
2.0161325e+02	2.7036488e+01
2.0665358e+02	2.8212080e+01
2.1169392e+02	2.7464615e+01
2.1673425e+02	3.2035984e+01
2.2177458e+02	2.9167112e+01
2.2681491e+02	2.9107981e+01
2.3185524e+02	2.9644133e+01
2.3689557e+02	3.0154827e+01
2.4193591e+02	3.0779997e+01
2.4697624e+02	3.1395668e+01
2.5201657e+02	3.1885662e+01
2.5705688e+02	3.2586815e+01
2.6209723e+02	3.3275826e+01
2.6713757e+02	3.4035316e+01
2.7217789e+02	3.4765381e+01
2.7721823e+02	3.5598221e+01
2.8225854e+02	3.6519707e+01
2.8729889e+02	3.7539032e+01
2.9233923e+02	3.8646717e+01
2.9737955e+02	3.9934269e+01
3.0241989e+02	4.1299431e+01
3.0746021e+02	4.3012875e+01
3.1250055e+02	4.4976028e+01
3.1754086e+02	4.7564846e+01
3.2258121e+02	5.0890099e+01
3.2762155e+02	5.6205326e+01
3.3266187e+02	7.5527214e+01
3.3770221e+02	5.9362736e+01
3.4274252e+02	5.2290825e+01
3.4778287e+02	4.8832684e+01
3.5282318e+02	4.6426163e+01
3.5786353e+02	4.4547943e+01
3.6290387e+02	4.3030647e+01
3.6794418e+02	4.1773918e+01
3.7298453e+02	4.0701115e+01
3.7802484e+02	3.9797234e+01
3.8306519e+02	3.8938744e+01
3.8810553e+02	3.8217316e+01
3.9314584e+02	3.7571167e+01
3.9818619e+02	3.7028938e+01
4.0322650e+02	3.6457752e+01
4.0826685e+02	3.6002209e+01
4.1330716e+02	3.5562813e+01
4.1834750e+02	3.5162239e+01
4.2338785e+02	3.4865215e+01
4.2842816e+02	3.4507355e+01
4.3346851e+02	3.4180309e+01
4.3850882e+02	3.3830666e+01
4.4354916e+02	3.3475166e+01
4.4858948e+02	3.3078423e+01
4.5362982e+02	3.3464661e+01
4.5867017e+02	3.3052467e+01
4.6371048e+02	3.2938862e+01
4.6875082e+02	3.2682240e+01
4.7379114e+02	3.2613846e+01
4.7883148e+02	3.2484261e+01
4.8387183e+02	3.2370579e+01
4.8891214e+02	3.2296265e+01
4.9395248e+02	3.2112785e+01
4.9899280e+02	3.1521435e+01
5.0403314e+02	3.2173843e+01
5.0907346e+02	3.2108536e+01
5.1411377e+02	3.2090309e+01
5.1915411e+02	3.2091293e+01
5.2419446e+02	3.2106342e+01
5.2923480e+02	3.2109539e+01
5.3427515e+02	3.2304001e+01
5.3931543e+02	3.2317364e+01
5.4435577e+02	3.2190834e+01
5.4939612e+02	3.3292149e+01
5.5443646e+02	3.2210434e+01
5.5947681e+02	3.2452240e+01
5.6451709e+02	3.2654526e+01
5.6955743e+02	3.2862896e+01
5.7459778e+02	3.3106899e+01
5.7963812e+02	3.3347977e+01
5.8467847e+02	3.3634167e+01
5.8971875e+02	3.3951874e+01
5.9475909e+02	3.4313290e+01
5.9979944e+02	3.4735523e+01
6.0483978e+02	3.5199074e+01
6.0988007e+02	3.5724316e+01
6.1492041e+02	3.6325665e+01
6.1996075e+02	3.7011257e+01
6.2500110e+02	3.7815929e+01
6.3004144e+02	3.8742687e+01
6.3508173e+02	3.9831631e+01
6.4012207e+02	4.1163193e+01
6.4516241e+02	4.2816082e+01
6.5020276e+02	4.4962090e+01
6.5524310e+02	4.7919209e+01
6.6028339e+02	5.2763725e+01
6.6532373e+02	6.6433640e+01
6.7036407e+02	5.7312351e+01
6.7540442e+02	4.9548218e+01
6.8044476e+02	4.5559925e+01
6.8548505e+02	4.2738266e+01
6.9052539e+02	4.0543510e+01
6.9556573e+02	3.8754604e+01
7.0060608e+02	3.7247406e+01
7.0564636e+02	3.5938919e+01
7.1068671e+02	3.4788155e+01
7.1572705e+02	3.3735180e+01
7.2076740e+02	3.2808250e+01
7.2580774e+02	3.1956446e+01
7.3084802e+02	3.1191896e+01
7.3588837e+02	3.0475983e+01
7.4092871e+02	2.9808941e+01
7.4596906e+02	2.9203279e+01
7.5100940e+02	2.8648321e+01
7.5604968e+02	2.8194744e+01
7.6109003e+02	2.7703926e+01
7.6613037e+02	2.7176838e+01
7.7117072e+02	2.6749538e+01
7.7621106e+02	2.6325155e+01
7.8125134e+02	2.5873014e+01
7.8629169e+02	2.6030006e+01
7.9133203e+02	2.5497032e+01
7.9637238e+02	2.5264242e+01
8.0141266e+02	2.4945143e+01
8.0645300e+02	2.4766182e+01
8.1149335e+02	2.4581331e+01
8.1653369e+02	2.4400354e+01
8.2157404e+02	2.4226940e+01
8.2661432e+02	2.4015713e+01
8.3165466e+02	2.3622892e+01
8.3669501e+02	2.4010008e+01
8.4173535e+02	2.3909447e+01
8.4677570e+02	2.3866079e+01
8.5181598e+02	2.3838531e+01
8.5685632e+02	2.3853706e+01
8.6189667e+02	2.3846874e+01
8.6693701e+02	2.3972647e+01
8.7197736e+02	2.3966423e+01
8.7701764e+02	2.3948208e+01
8.8205798e+02	2.4788656e+01
8.8709833e+02	2.3941973e+01
8.9213867e+02	2.4254723e+01
8.9717896e+02	2.4508812e+01
9.0221930e+02	2.4760895e+01
9.0725964e+02	2.5056927e+01
9.1229999e+02	2.5346048e+01
9.1734033e+02	2.5677048e+01
9.2238062e+02	2.6061598e+01
9.2742096e+02	2.6483229e+01
9.3246130e+02	2.6965456e+01
9.3750165e+02	2.7489256e+01
9.4254199e+02	2.8086584e+01
9.4758228e+02	2.8758472e+01
9.5262262e+02	2.9514307e+01
9.5766296e+02	3.0383551e+01
9.6270331e+02	3.1379889e+01
9.6774365e+02	3.2532333e+01
9.7278394e+02	3.3925694e+01
9.7782428e+02	3.5617279e+01
9.8286462e+02	3.7775440e+01
9.8790497e+02	4.0707294e+01
9.9294525e+02	4.5329407e+01
9.9798560e+02	5.6327675e+01
1.0030259e+03	5.2566154e+01
1.0080663e+03	4.3976383e+01
1.0131066e+03	3.9788952e+01
1.0181469e+03	3.6933784e+01
1.0231873e+03	3.4773472e+01
1.0282275e+03	3.3045376e+01
1.0332679e+03	3.1610060e+01
1.0383082e+03	3.0378588e+01
1.0433486e+03	2.9304466e+01
1.0483889e+03	2.8348043e+01
1.0534292e+03	2.7502439e+01
1.0584696e+03	2.6735764e+01
1.0635099e+03	2.6050341e+01
1.0685503e+03	2.5410639e+01
1.0735906e+03	2.4827116e+01
1.0786309e+03	2.4297941e+01
1.0836713e+03	2.3813643e+01
1.0887115e+03	2.3395023e+01
1.0937520e+03	2.2915533e+01
1.0987922e+03	2.2503059e+01
1.1038325e+03	2.2141636e+01
1.1088729e+03	2.1807714e+01
1.1139132e+03	2.1500141e+01
1.1189536e+03	2.1287582e+01
1.1239939e+03	2.0940237e+01
1.1290342e+03	2.0674364e+01
1.1340746e+03	2.0415497e+01
1.1391149e+03	2.0268984e+01
1.1441553e+03	2.0041908e+01
1.1491956e+03	1.9820688e+01
1.1542358e+03	1.9623411e+01
1.1592762e+03	1.9446766e+01
1.1643165e+03	1.9208925e+01
1.1693569e+03	1.9339245e+01
1.1743972e+03	1.9192745e+01
1.1794375e+03	1.9050154e+01
1.1844779e+03	1.8971996e+01
1.1895182e+03	1.8900797e+01
1.1945586e+03	1.8833086e+01
1.1995989e+03	1.8808001e+01
1.2046392e+03	1.8726856e+01
1.2096796e+03	1.8734375e+01
1.2147198e+03	1.8979187e+01
1.2197601e+03	1.8643093e+01
1.2248005e+03	1.8857325e+01
1.2298408e+03	1.8964445e+01
1.2348812e+03	1.9062273e+01
1.2399215e+03	1.9233644e+01
1.2449618e+03	1.9358740e+01
1.2500022e+03	1.9567667e+01
1.2550425e+03	1.9804281e+01
1.2600829e+03	2.0071102e+01
1.2651232e+03	2.0409048e+01
1.2701635e+03	2.0765673e+01
1.2752039e+03	2.1208855e+01
1.2802441e+03	2.1710032e+01
1.2852845e+03	2.2307278e+01
1.2903248e+03	2.3006039e+01
1.2953651e+03	2.3829165e+01
1.3004055e+03	2.4821739e+01
1.3054458e+03	2.6045464e+01
1.3104862e+03	2.7548033e+01
1.3155265e+03	2.9506933e+01
1.3205668e+03	3.2198795e+01
1.3256072e+03	3.6409645e+01
1.3306475e+03	4.5532959e+01
1.3356879e+03	4.6380283e+01
1.3407281e+03	3.6334732e+01
1.3457684e+03	3.1760221e+01
1.3508088e+03	2.8729614e+01
1.3558491e+03	2.6459639e+01
1.3608895e+03	2.4670645e+01
1.3659298e+03	2.3200672e+01
1.3709701e+03	2.1939980e+01
1.3760105e+03	2.0882547e+01
1.3810508e+03	1.9937695e+01
1.3860911e+03	1.9136383e+01
1.3911315e+03	1.8408484e+01
1.3961718e+03	1.7780607e+01
1.4012122e+03	1.7209398e+01
1.4062524e+03	1.6687870e+01
1.4112927e+03	1.6252270e+01
1.4163331e+03	1.5850930e+01
1.4213734e+03	1.5492329e+01
1.4264138e+03	1.5153063e+01
1.4314541e+03	1.4829616e+01
1.4364944e+03	1.4541471e+01
1.4415348e+03	1.4319686e+01
1.4465751e+03	1.4083771e+01
1.4516155e+03	1.4057263e+01
1.4566558e+03	1.3722023e+01
1.4616960e+03	1.3549774e+01
1.4667365e+03	1.3400641e+01
1.4717767e+03	1.3320506e+01
1.4768171e+03	1.3167863e+01
1.4818574e+03	1.3057340e+01
1.4868977e+03	1.2972341e+01
1.4919381e+03	1.2847974e+01
1.4969784e+03	1.2719421e+01
1.5020188e+03	1.2812482e+01
1.5070591e+03	1.2742793e+01
1.5120994e+03	1.2678833e+01
1.5171398e+03	1.2622490e+01
1.5221801e+03	1.2627194e+01
1.5272205e+03	1.2592398e+01
1.5322607e+03	1.2581096e+01
1.5373010e+03	1.2546897e+01
1.5423414e+03	1.2555499e+01
1.5473817e+03	1.2760104e+01
1.5524221e+03	1.2483467e+01
1.5574624e+03	1.2635841e+01
1.5625027e+03	1.2738774e+01
1.5675431e+03	1.2809137e+01
1.5725834e+03	1.2906658e+01
1.5776237e+03	1.3034518e+01
1.5826641e+03	1.3152927e+01
1.5877043e+03	1.3301290e+01
1.5927448e+03	1.3472336e+01
1.5977850e+03	1.3700068e+01
1.6028253e+03	1.3955784e+01
1.6078657e+03	1.4231602e+01
1.6129060e+03	1.4564110e+01
1.6179464e+03	1.4993137e+01
1.6229867e+03	1.5494593e+01
1.6280270e+03	1.6057714e+01
1.6330674e+03	1.6796383e+01
1.6381077e+03	1.7724590e+01
1.6431481e+03	1.8891922e+01
1.6481884e+03	2.0471613e+01
1.6532286e+03	2.2719593e+01
1.6582690e+03	2.6295080e+01
1.6633093e+03	3.3795883e+01
1.6683497e+03	3.9129879e+01
1.6733900e+03	2.6648762e+01
1.6784303e+03	2.1346308e+01
1.6834707e+03	1.7823311e+01
1.6885110e+03	1.5187333e+01
1.6935514e+03	1.3096448e+01
1.6985917e+03	1.1432014e+01
1.7036320e+03	1.0092426e+01
1.7086724e+03	8.9700241e+00
1.7137126e+03	8.1613159e+00
1.7187531e+03	7.5032001e+00
1.7237933e+03	6.9977980e+00
1.7288336e+03	6.5733724e+00
1.7338740e+03	6.2583055e+00
1.7389143e+03	6.0716753e+00
1.7439547e+03	5.9349751e+00
1.7489950e+03	5.8565950e+00
1.7540353e+03	5.7351661e+00
1.7590757e+03	5.7198243e+00
1.7641160e+03	5.6818056e+00
1.7691563e+03	5.6146369e+00
1.7741967e+03	5.6151023e+00
1.7792369e+03	5.6181068e+00
1.7842773e+03	5.5114474e+00
1.7893176e+03	5.6223326e+00
1.7943579e+03	5.5789986e+00
1.7993983e+03	5.7124152e+00
1.8044386e+03	5.5316215e+00
1.8094790e+03	5.4700818e+00
1.8145193e+03	5.5595589e+00
1.8195596e+03	5.5509005e+00
1.8246000e+03	5.5536389e+00
1.8296403e+03	5.5477095e+00
1.8346807e+03	5.4995856e+00
1.8397209e+03	5.4239473e+00
1.8447612e+03	5.4144945e+00
1.8498016e+03	5.4907622e+00
1.8548419e+03	5.4015660e+00
1.8598823e+03	5.3543086e+00
1.8649226e+03	5.4058919e+00
1.8699629e+03	5.3663096e+00
1.8750033e+03	5.2903895e+00
1.8800436e+03	5.1643887e+00
1.8850840e+03	5.2468333e+00
1.8901243e+03	5.2290692e+00
1.8951646e+03	5.1105752e+00
1.9002050e+03	5.0229740e+00
1.9052452e+03	4.9682856e+00
1.9102856e+03	4.8970079e+00
1.9153259e+03	4.7686496e+00
1.9203662e+03	4.6468220e+00
1.9254066e+03	4.6641879e+00
1.9304469e+03	4.4235787e+00
1.9354873e+03	4.3744969e+00
1.9405276e+03	4.1235461e+00
1.9455679e+03	3.8733139e+00
1.9506083e+03	3.6585495e+00
1.9556486e+03	3.3431649e+00
1.9606888e+03	2.8467875e+00
1.9657292e+03	2.5990908e+00
1.9707695e+03	2.0160890e+00
1.9758099e+03	1.5286859e+00
1.9808502e+03	1.7153889e+00
1.9858905e+03	3.6039009e+00
1.9909309e+03	8.5288877e+00
1.9959712e+03	1.7597591e+01
2.0010116e+03	3.1473473e+01
2.0060519e+03	1.7834240e+01
2.0110922e+03	1.4138344e+01
2.0161326e+03	1.2251018e+01
2.0211729e+03	1.1084731e+01
2.0262133e+03	1.0275991e+01
2.0312535e+03	9.7284489e+00
2.0362938e+03	9.2705564e+00
2.0413342e+03	8.9351778e+00
2.0463745e+03	8.6389713e+00
2.0514148e+03	8.4009399e+00
2.0564551e+03	8.2289791e+00
2.0614956e+03	8.0472345e+00
2.0665359e+03	7.8286009e+00
2.0715762e+03	7.7770977e+00
2.0766165e+03	7.6268616e+00
2.0816567e+03	7.5438151e+00
2.0866973e+03	7.4615531e+00
2.0917375e+03	7.3738651e+00
2.0967778e+03	7.3089347e+00
2.1018181e+03	7.2832913e+00
2.1068584e+03	7.1469302e+00
2.1118989e+03	7.0631337e+00
2.1169392e+03	7.0616670e+00
2.1219795e+03	7.0149784e+00
2.1270198e+03	6.8813138e+00
2.1320601e+03	6.7868285e+00
2.1371006e+03	6.8480725e+00
2.1421409e+03	6.8035626e+00
2.1471812e+03	6.8527927e+00
2.1522214e+03	6.7349248e+00
2.1572617e+03	6.7307220e+00
2.1623022e+03	6.6724229e+00
2.1673425e+03	6.5396433e+00
2.1723828e+03	6.6157060e+00
2.1774231e+03	6.5628772e+00
2.1824634e+03	6.4547348e+00
2.1875039e+03	6.5005770e+00
2.1925442e+03	6.5318475e+00
2.1975845e+03	6.3676047e+00
2.2026248e+03	6.4455776e+00
2.2076650e+03	6.5169744e+00
2.2127056e+03	6.3999691e+00
2.2177458e+03	6.3185902e+00
2.2227861e+03	6.3050418e+00
2.2278264e+03	6.3461189e+00
2.2328667e+03	6.1974058e+00
2.2379072e+03	6.3257227e+00
2.2429475e+03	6.2234263e+00
2.2479878e+03	6.2702575e+00
2.2530281e+03	6.2948360e+00
2.2580684e+03	6.0617433e+00
2.2631089e+03	6.1327543e+00
2.2681492e+03	6.1648397e+00
2.2731895e+03	6.1326628e+00
2.2782297e+03	6.1902490e+00
2.2832700e+03	6.2185545e+00
2.2883105e+03	6.2104135e+00
2.2933508e+03	6.2256804e+00
2.2983911e+03	6.2194176e+00
2.3034314e+03	6.2734861e+00
2.3084717e+03	6.3568559e+00
2.3135122e+03	6.3561721e+00
2.3185525e+03	6.5354795e+00
2.3235928e+03	6.8807549e+00
2.3286331e+03	7.8600926e+00
2.3336733e+03	1.4466911e+01
2.3387139e+03	3.4130032e+00
2.3437542e+03	4.7067962e+00
2.3487944e+03	4.9032316e+00
2.3538347e+03	5.1191387e+00
2.3588750e+03	5.2390251e+00
2.3639155e+03	5.1217871e+00
2.3689558e+03	5.3596268e+00
2.3739961e+03	5.3552275e+00
2.3790364e+03	5.3100271e+00
2.3840767e+03	5.4288902e+00
2.3891172e+03	5.3075991e+00
2.3941575e+03	5.3548312e+00
2.3991978e+03	5.5269322e+00
2.4042380e+03	5.2762556e+00
2.4092783e+03	5.3936214e+00
2.4143186e+03	5.3777790e+00
2.4193591e+03	5.2878132e+00
2.4243994e+03	5.3122745e+00
2.4294397e+03	5.2751141e+00
2.4344800e+03	5.1938024e+00
2.4395203e+03	5.3773184e+00
2.4445608e+03	5.3045259e+00
2.4496011e+03	5.1913853e+00
2.4546414e+03	5.2449799e+00
2.4596816e+03	5.3517008e+00
2.4647219e+03	5.2949867e+00
2.4697625e+03	5.1702971e+00
2.4748027e+03	5.2283778e+00
2.4798430e+03	5.0161123e+00
2.4848833e+03	5.1056180e+00
2.4899236e+03	5.1637368e+00
2.4949641e+03	5.0941272e+00
2.5000044e+03	5.2262802e+00
2.5050447e+03	5.2228508e+00
2.5100850e+03	5.0027976e+00
2.5151252e+03	5.1682715e+00
2.5201658e+03	5.0811973e+00
2.5252061e+03	4.9939857e+00
2.5302463e+03	5.1332064e+00
2.5352866e+03	4.9246902e+00
2.5403269e+03	4.9025908e+00
2.5453674e+03	5.1244259e+00
2.5504077e+03	4.9016619e+00
2.5554480e+03	5.0558867e+00
2.5604883e+03	4.9770837e+00
2.5655286e+03	5.0659347e+00
2.5705691e+03	4.8573318e+00
2.5756094e+03	4.9931846e+00
2.5806497e+03	4.7071791e+00
2.5856899e+03	4.8358808e+00
2.5907302e+03	4.9582429e+00
2.5957708e+03	4.8675132e+00
2.6008110e+03	4.8676953e+00
2.6058513e+03	4.7430038e+00
2.6108916e+03	4.7039824e+00
2.6159319e+03	4.5872283e+00
2.6209724e+03	4.8010778e+00
2.6260127e+03	4.5917797e+00
2.6310530e+03	4.6530075e+00
2.6360933e+03	4.4798369e+00
2.6411335e+03	4.3318357e+00
2.6461741e+03	4.4294238e+00
2.6512144e+03	4.3037791e+00
2.6562546e+03	3.9354265e+00
2.6612949e+03	3.3213656e+00
2.6663352e+03	1.7022591e+01
2.6713757e+03	6.6684699e+00
2.6764160e+03	5.7177253e+00
2.6814563e+03	5.2543378e+00
2.6864966e+03	5.2800541e+00
2.6915369e+03	5.0704579e+00
2.6965774e+03	4.9875188e+00
2.7016177e+03	5.0339346e+00
2.7066580e+03	4.9302626e+00
2.7116982e+03	4.9131141e+00
2.7167385e+03	4.8493748e+00
2.7217791e+03	4.9469690e+00
2.7268193e+03	4.7791085e+00
2.7318596e+03	4.6639981e+00
2.7368999e+03	4.8133745e+00
2.7419402e+03	4.6801100e+00
2.7469807e+03	4.7305245e+00
2.7520210e+03	4.7409573e+00
2.7570613e+03	4.7204390e+00
2.7621016e+03	4.8306665e+00
2.7671418e+03	4.7223701e+00
2.7721821e+03	4.5620294e+00
2.7772227e+03	4.7354541e+00
2.7822629e+03	4.6528759e+00
2.7873032e+03	4.5940924e+00
2.7923435e+03	4.5413098e+00
2.7973838e+03	4.6477537e+00
2.8024243e+03	4.5598493e+00
2.8074646e+03	4.5885797e+00
2.8125049e+03	4.7139831e+00
2.8175452e+03	4.5768170e+00
2.8225854e+03	4.5433469e+00
2.8276260e+03	4.5355191e+00
2.8326663e+03	4.3727717e+00
2.8377065e+03	4.5194154e+00
2.8427468e+03	4.4728532e+00
2.8477871e+03	4.5144601e+00
2.8528276e+03	4.6098924e+00
2.8578679e+03	4.4814692e+00
2.8629082e+03	4.4804211e+00
2.8679485e+03	4.5662060e+00
2.8729888e+03	4.4661808e+00
2.8780293e+03	4.4411874e+00
2.8830696e+03	4.5109720e+00
2.8881099e+03	4.4605770e+00
2.8931501e+03	4.3845019e+00
2.8981904e+03	4.3674088e+00
2.9032310e+03	4.6196218e+00
2.9082712e+03	4.4081788e+00
2.9133115e+03	4.6605129e+00
2.9183518e+03	4.5233989e+00
2.9233921e+03	4.5509987e+00
2.9284326e+03	4.5050731e+00
2.9334729e+03	4.4852996e+00
2.9385132e+03	4.6236572e+00
2.9435535e+03	4.5689554e+00
2.9485938e+03	4.6756759e+00
2.9536343e+03	4.5544214e+00
2.9586746e+03	4.6530089e+00
2.9637148e+03	4.8457823e+00
2.9687551e+03	4.9410410e+00
2.9737954e+03	5.1788116e+00
2.9788359e+03	5.3853583e+00
2.9838762e+03	5.6155376e+00
2.9889165e+03	6.4169097e+00
2.9939568e+03	7.8505230e+00
2.9989971e+03	1.7107315e+01
3.0040376e+03	-9.0138454e+00
3.0090779e+03	-2.8249137e-02
3.0141182e+03	1.8334709e+00
3.0191584e+03	2.0911865e+00
3.0241987e+03	2.7286983e+00
3.0292393e+03	2.9243975e+00
3.0342795e+03	3.0129588e+00
3.0393198e+03	3.1785831e+00
3.0443601e+03	3.2808027e+00
3.0494004e+03	3.2761493e+00
3.0544409e+03	3.3331506e+00
3.0594812e+03	3.2604001e+00
3.0645215e+03	3.4205546e+00
3.0695618e+03	3.5302179e+00
3.0746021e+03	3.2831843e+00
3.0796426e+03	3.4045188e+00
3.0846829e+03	3.4812100e+00
3.0897231e+03	3.4854403e+00
3.0947634e+03	3.3845978e+00
3.0998037e+03	3.6107583e+00
3.1048442e+03	3.5642579e+00
3.1098845e+03	3.4702015e+00
3.1149248e+03	3.4589963e+00
3.1199651e+03	3.4849668e+00
3.1250054e+03	3.4662957e+00
3.1300459e+03	3.4034364e+00
3.1350862e+03	3.4753554e+00
3.1401265e+03	3.6012340e+00
3.1451667e+03	3.3726907e+00
3.1502070e+03	3.4828229e+00
3.1552473e+03	3.5770934e+00
3.1602878e+03	3.4241040e+00
3.1653281e+03	3.4344258e+00
3.1703684e+03	3.4557240e+00
3.1754087e+03	3.4224489e+00
3.1804490e+03	3.4453025e+00
3.1854895e+03	3.3480084e+00
3.1905298e+03	3.5193477e+00
3.1955701e+03	3.3583131e+00
3.2006104e+03	3.5042233e+00
3.2056506e+03	3.4178822e+00
3.2106912e+03	3.3948929e+00
3.2157314e+03	3.4768372e+00
3.2207717e+03	3.3120894e+00
3.2258120e+03	3.3759701e+00
3.2308523e+03	3.3020985e+00
3.2358928e+03	3.1766021e+00
3.2409331e+03	3.3216932e+00
3.2459734e+03	3.3197889e+00
3.2510137e+03	3.3287017e+00
3.2560540e+03	3.3315234e+00
3.2610945e+03	3.2799649e+00
3.2661348e+03	3.2144525e+00
3.2711750e+03	3.3273447e+00
3.2762153e+03	3.1885023e+00
3.2812556e+03	3.3161633e+00
3.2862961e+03	3.3316312e+00
3.2913364e+03	3.2446966e+00
3.2963767e+03	3.1571419e+00
3.3014170e+03	3.1235828e+00
3.3064573e+03	3.0584047e+00
3.3114978e+03	2.7823601e+00
3.3165381e+03	2.9170747e+00
3.3215784e+03	2.5267539e+00
3.3266187e+03	1.9442804e+00
3.3316589e+03	-4.0143681e+00
3.3366995e+03	5.1491928e+00
3.3417397e+03	4.0068755e+00
3.3467800e+03	3.8072014e+00
3.3518203e+03	3.7298691e+00
3.3568606e+03	3.5927253e+00
3.3619011e+03	3.5067530e+00
3.3669414e+03	3.4579408e+00
3.3719817e+03	3.3566737e+00
3.3770220e+03	3.3397832e+00
3.3820623e+03	3.3027263e+00
3.3871028e+03	3.3009942e+00
3.3921431e+03	3.4123454e+00
3.3971833e+03	3.3465366e+00
3.4022236e+03	3.2600129e+00
3.4072639e+03	3.3738840e+00
3.4123044e+03	3.2937958e+00
3.4173447e+03	3.2240744e+00
3.4223850e+03	3.1980217e+00
3.4274253e+03	3.1659660e+00
3.4324656e+03	3.0434403e+00
3.4375061e+03	3.2738876e+00
3.4425464e+03	3.1850703e+00
3.4475867e+03	3.2680974e+00
3.4526270e+03	3.1989808e+00
3.4576672e+03	3.2770333e+00
3.4627078e+03	3.2602968e+00
3.4677480e+03	3.1239727e+00
3.4727883e+03	3.2687383e+00
3.4778286e+03	3.2607505e+00
3.4828689e+03	3.1401114e+00
3.4879094e+03	3.1035821e+00
3.4929497e+03	3.1121666e+00
3.4979900e+03	3.0314438e+00
3.5030303e+03	3.1784382e+00
3.5080706e+03	3.0453274e+00
3.5131108e+03	2.9570959e+00
3.5181514e+03	3.2023201e+00
3.5231917e+03	2.9924784e+00
3.5282319e+03	3.0372372e+00
3.5332722e+03	3.0613468e+00
3.5383125e+03	3.1342325e+00
3.5433530e+03	3.1167812e+00
3.5483933e+03	2.8850563e+00
3.5534336e+03	3.1472929e+00
3.5584739e+03	3.0656011e+00
3.5635142e+03	3.1096499e+00
3.5685547e+03	2.8685908e+00
3.5735950e+03	3.1579752e+00
3.5786353e+03	2.8402493e+00
3.5836755e+03	2.7527218e+00
3.5887158e+03	3.0212066e+00
3.5937563e+03	2.9906259e+00
3.5987966e+03	2.9368687e+00
3.6038369e+03	2.7159398e+00
3.6088772e+03	2.8089244e+00
3.6139175e+03	2.7161059e+00
3.6189580e+03	2.8388405e+00
3.6239983e+03	2.7425776e+00
3.6290386e+03	2.7533834e+00
3.6340789e+03	2.6670310e+00
3.6391191e+03	2.5484889e+00
3.6441597e+03	2.5783670e+00
3.6492000e+03	2.2299306e+00
3.6542402e+03	2.2757537e+00
3.6592805e+03	1.8280324e+00
3.6643208e+03	-9.7719210e-01
3.6693613e+03	6.3020892e+00
3.6744016e+03	4.2449293e+00
3.6794419e+03	3.5166731e+00
3.6844822e+03	3.3460901e+00
3.6895225e+03	3.2834857e+00
3.6945630e+03	3.1529887e+00
3.6996033e+03	3.1835768e+00
3.7046436e+03	3.1239781e+00
3.7096838e+03	3.0004153e+00
3.7147241e+03	3.2015901e+00
3.7197646e+03	3.0790746e+00
3.7248049e+03	3.0285587e+00
3.7298452e+03	3.0040650e+00
3.7348855e+03	3.0540175e+00
3.7399258e+03	3.1785269e+00
3.7449663e+03	2.9618163e+00
3.7500066e+03	2.8798211e+00
3.7550469e+03	3.0581927e+00
3.7600872e+03	2.9790318e+00
3.7651274e+03	2.7409697e+00
3.7701680e+03	2.8724468e+00
3.7752083e+03	2.8511937e+00
3.7802485e+03	2.8150747e+00
3.7852888e+03	2.7699575e+00
3.7903291e+03	2.8282654e+00
3.7953696e+03	2.7922645e+00
3.8004099e+03	3.0663867e+00
3.8054502e+03	2.6088257e+00
3.8104905e+03	2.7661164e+00
3.8155308e+03	2.9649124e+00
3.8205713e+03	2.8242123e+00
3.8256116e+03	2.8556240e+00
3.8306519e+03	3.1648710e+00
3.8356921e+03	2.6221235e+00
3.8407324e+03	2.9465363e+00
3.8457729e+03	2.7611496e+00
3.8508132e+03	2.6957462e+00
3.8558535e+03	2.7731462e+00
3.8608938e+03	2.8656261e+00
3.8659341e+03	2.7012024e+00
3.8709746e+03	2.5613415e+00
3.8760149e+03	2.7653477e+00
3.8810552e+03	2.7295816e+00
3.8860955e+03	2.7190242e+00
3.8911357e+03	2.8621078e+00
3.8961760e+03	2.7609689e+00
3.9012166e+03	3.1866419e+00
3.9062568e+03	2.5941610e+00
3.9112971e+03	2.8217843e+00
3.9163374e+03	2.8676412e+00
3.9213777e+03	2.5835388e+00
3.9264182e+03	2.6190636e+00
3.9314585e+03	2.9508862e+00
3.9364988e+03	3.0049660e+00
3.9415391e+03	2.8536167e+00
3.9465793e+03	2.7724390e+00
3.9516199e+03	2.7222457e+00
3.9566602e+03	2.8153646e+00
3.9617004e+03	2.8845873e+00
3.9667407e+03	3.0233595e+00
3.9717810e+03	3.0919135e+00
3.9768215e+03	3.1271207e+00
3.9818618e+03	3.2109017e+00
3.9869021e+03	3.2880039e+00
3.9919424e+03	3.7749121e+00
3.9969827e+03	6.3100591e+00
4.0020232e+03	3.2023559e+00
4.0070635e+03	1.4565494e+00
4.0121038e+03	1.9381058e+00
4.0171440e+03	2.2458146e+00
4.0221843e+03	2.0939088e+00
4.0272249e+03	2.2462268e+00
4.0322651e+03	2.2677519e+00
4.0373054e+03	2.2370751e+00
4.0423457e+03	2.3805017e+00
4.0473860e+03	2.1747797e+00
4.0524265e+03	2.3875315e+00
4.0574668e+03	2.1744273e+00
4.0625071e+03	2.3448007e+00
4.0675474e+03	2.2067606e+00
4.0725876e+03	2.2891872e+00
4.0776282e+03	2.5975311e+00
4.0826685e+03	2.4289756e+00
4.0877087e+03	2.3296630e+00
4.0927490e+03	2.3311143e+00
4.0977896e+03	2.5589924e+00
4.1028296e+03	2.6834750e+00
4.1078701e+03	2.4266427e+00
4.1129102e+03	2.4056125e+00
4.1179507e+03	2.3887346e+00
4.1229912e+03	2.2678123e+00
4.1280313e+03	2.5372565e+00
4.1330718e+03	2.1130862e+00
4.1381118e+03	2.6006281e+00
4.1431523e+03	2.3247747e+00
4.1481929e+03	2.2681718e+00
4.1532329e+03	2.3769178e+00
4.1582734e+03	2.1876581e+00
4.1633135e+03	2.1592667e+00
4.1683540e+03	2.3121622e+00
4.1733945e+03	2.3657050e+00
4.1784346e+03	2.4325998e+00
4.1834751e+03	2.3594518e+00
4.1885151e+03	2.3821650e+00
4.1935557e+03	2.1224806e+00
4.1985962e+03	2.3233771e+00
4.2036362e+03	2.4000659e+00
4.2086768e+03	2.4116347e+00
4.2137168e+03	2.4910574e+00
4.2187573e+03	2.1172166e+00
4.2237979e+03	2.1625662e+00
4.2288379e+03	2.2121694e+00
4.2338784e+03	2.2189696e+00
4.2389185e+03	2.5631843e+00
4.2439590e+03	2.2793911e+00
4.2489995e+03	2.3338013e+00
4.2540396e+03	2.3795874e+00
4.2590801e+03	2.0978479e+00
4.2641201e+03	2.0923986e+00
4.2691606e+03	2.2647541e+00
4.2742012e+03	2.1739850e+00
4.2792412e+03	2.4050918e+00
4.2842817e+03	2.1700177e+00
4.2893218e+03	2.2511907e+00
4.2943623e+03	2.2591267e+00
4.2994028e+03	2.1648281e+00
4.3044429e+03	2.1010740e+00
4.3094834e+03	1.9805341e+00
4.3145234e+03	2.0323904e+00
4.3195640e+03	2.0663087e+00
4.3246045e+03	1.5278203e+00
4.3296445e+03	1.9332807e+00
4.3346851e+03	9.4253187e+00
4.3397251e+03	3.5399156e+00
4.3447656e+03	2.9405699e+00
4.3498062e+03	2.5854926e+00
4.3548462e+03	2.6134086e+00
4.3598867e+03	2.5467255e+00
4.3649268e+03	2.5441813e+00
4.3699673e+03	2.5354626e+00
4.3750078e+03	2.5710242e+00
4.3800479e+03	2.5424116e+00
4.3850884e+03	2.3863275e+00
4.3901284e+03	2.4289830e+00
4.3951689e+03	2.2834525e+00
4.4002095e+03	2.3942804e+00
4.4052495e+03	2.2902021e+00
4.4102900e+03	2.1340733e+00
4.4153301e+03	2.3908658e+00
4.4203706e+03	2.3060253e+00
4.4254111e+03	2.3533330e+00
4.4304512e+03	2.1021545e+00
4.4354917e+03	1.9245601e+00
4.4405317e+03	2.3795760e+00
4.4455723e+03	2.1736655e+00
4.4506128e+03	2.5021527e+00
4.4556528e+03	2.2341194e+00
4.4606934e+03	2.0306392e+00
4.4657334e+03	2.4432883e+00
4.4707739e+03	2.1429594e+00
4.4758145e+03	2.4865713e+00
4.4808545e+03	2.2769580e+00
4.4858950e+03	2.2695618e+00
4.4909351e+03	2.4528434e+00
4.4959756e+03	2.3128810e+00
4.5010161e+03	2.1734931e+00
4.5060562e+03	2.2625637e+00
4.5110967e+03	2.1848042e+00
4.5161367e+03	2.2017419e+00
4.5211772e+03	2.2305737e+00
4.5262178e+03	2.3152416e+00
4.5312578e+03	2.0771573e+00
4.5362983e+03	2.2308476e+00
4.5413384e+03	2.2116311e+00
4.5463789e+03	2.2299218e+00
4.5514194e+03	2.3357189e+00
4.5564595e+03	2.3106229e+00
4.5615000e+03	2.2030234e+00
4.5665400e+03	2.1844702e+00
4.5715806e+03	1.8946643e+00
4.5766211e+03	2.3234437e+00
4.5816611e+03	2.0430901e+00
4.5867017e+03	2.2394729e+00
4.5917417e+03	2.2475786e+00
4.5967822e+03	2.1355531e+00
4.6018228e+03	2.0187027e+00
4.6068628e+03	2.2534018e+00
4.6119033e+03	1.8842994e+00
4.6169434e+03	2.2385457e+00
4.6219839e+03	2.1722806e+00
4.6270244e+03	2.0189128e+00
4.6320645e+03	1.9763383e+00
4.6371050e+03	1.8400624e+00
4.6421450e+03	1.9290038e+00
4.6471855e+03	1.8747479e+00
4.6522261e+03	1.6758704e+00
4.6572661e+03	1.6443857e+00
4.6623066e+03	8.0603009e-01
4.6673467e+03	1.0811619e+01
4.6723872e+03	3.5396528e+00
4.6774277e+03	2.8349597e+00
4.6824678e+03	2.7034028e+00
4.6875083e+03	2.5886211e+00
4.6925483e+03	2.4847236e+00
4.6975889e+03	2.2939193e+00
4.7026294e+03	2.3557892e+00
4.7076694e+03	2.3307519e+00
4.7127100e+03	2.2571764e+00
4.7177500e+03	2.3719156e+00
4.7227905e+03	2.5046985e+00
4.7278311e+03	2.4580441e+00
4.7328711e+03	2.2596025e+00
4.7379116e+03	2.3627906e+00
4.7429517e+03	2.2286694e+00
4.7479922e+03	2.2508974e+00
4.7530327e+03	2.1772468e+00
4.7580728e+03	2.2624617e+00
4.7631133e+03	2.3788669e+00
4.7681533e+03	2.3060749e+00
4.7731938e+03	2.1738436e+00
4.7782344e+03	2.3296373e+00
4.7832744e+03	2.0894732e+00
4.7883149e+03	2.3340168e+00
4.7933550e+03	2.2676172e+00
4.7983955e+03	2.1535444e+00
4.8034355e+03	2.2104840e+00
4.8084761e+03	2.1283903e+00
4.8135166e+03	2.1461718e+00
4.8185566e+03	2.4178290e+00
4.8235972e+03	2.0084794e+00
4.8286372e+03	2.2395399e+00
4.8336777e+03	2.2164872e+00
4.8387183e+03	2.2965930e+00
4.8437583e+03	2.4423029e+00
4.8487988e+03	2.0257318e+00
4.8538389e+03	2.1099694e+00
4.8588794e+03	2.2507243e+00
4.8639199e+03	2.2411685e+00
4.8689600e+03	2.2499599e+00
4.8740005e+03	2.2037060e+00
4.8790405e+03	1.9891602e+00
4.8840811e+03	2.2605615e+00
4.8891216e+03	1.9179603e+00
4.8941616e+03	2.2473009e+00
4.8992021e+03	2.1331856e+00
4.9042422e+03	2.4467902e+00
4.9092827e+03	2.0790281e+00
4.9143232e+03	2.2316957e+00
4.9193633e+03	2.1108017e+00
4.9244038e+03	2.4073741e+00
4.9294438e+03	2.2259417e+00
4.9344844e+03	2.3694851e+00
4.9395249e+03	2.2105067e+00
4.9445649e+03	2.1656802e+00
4.9496055e+03	2.0294597e+00
4.9546455e+03	2.1392870e+00
4.9596860e+03	2.2894711e+00
4.9647266e+03	2.1962605e+00
4.9697666e+03	2.4642577e+00
4.9748071e+03	2.0786221e+00
4.9798472e+03	2.2210221e+00
4.9848877e+03	2.2896521e+00
4.9899282e+03	2.1482098e+00
4.9949683e+03	2.0435615e+00
5.0000088e+03	4.1887040e+00
)
