(title "Spectral Analysis of Pressure at receiver-1")
(labels "Frequency (Hz)" "Sound Pressure Level (dB)")

((xy/key/label "Pressure")
5.0377917e+00	1.1151493e+01
1.0075583e+01	8.7375364e+00
1.5113375e+01	8.0556650e+00
2.0151167e+01	7.4143567e+00
2.5188959e+01	7.0565886e+00
3.0226749e+01	6.7900977e+00
3.5264542e+01	6.5932093e+00
4.0302334e+01	6.3774686e+00
4.5340126e+01	6.2594624e+00
5.0377918e+01	6.2391124e+00
5.5415710e+01	6.2167988e+00
6.0453499e+01	6.1616273e+00
6.5491295e+01	6.0806479e+00
7.0529083e+01	5.9451122e+00
7.5566879e+01	5.7834468e+00
8.0604668e+01	5.5545239e+00
8.5642456e+01	5.9369130e+00
9.0680252e+01	6.8067698e+00
9.5718040e+01	7.1376176e+00
1.0075584e+02	7.3139520e+00
1.0579362e+02	7.4457302e+00
1.1083142e+02	7.4649425e+00
1.1586921e+02	7.4417562e+00
1.2090700e+02	7.3947177e+00
1.2594479e+02	7.2793803e+00
1.3098259e+02	7.1542606e+00
1.3602037e+02	7.0373087e+00
1.4105817e+02	6.9970565e+00
1.4609596e+02	6.9688025e+00
1.5113376e+02	6.9099360e+00
1.5617154e+02	6.7521071e+00
1.6120934e+02	6.4136863e+00
1.6624713e+02	5.9397569e+00
1.7128491e+02	5.4525733e+00
1.7632271e+02	5.1638279e+00
1.8136050e+02	5.2034307e+00
1.8639830e+02	5.4670167e+00
1.9143608e+02	5.6797833e+00
1.9647388e+02	5.8865495e+00
2.0151167e+02	6.1331344e+00
2.0654945e+02	6.3445539e+00
2.1158725e+02	6.5845695e+00
2.1662505e+02	6.7753983e+00
2.2166284e+02	6.9520063e+00
2.2670062e+02	7.1413622e+00
2.3173842e+02	7.3172655e+00
2.3677621e+02	7.3602777e+00
2.4181400e+02	7.4255195e+00
2.4685179e+02	7.5076146e+00
2.5188959e+02	7.5434489e+00
2.5692737e+02	7.5104804e+00
2.6196518e+02	7.4276032e+00
2.6700296e+02	7.4089546e+00
2.7204074e+02	7.2682152e+00
2.7707855e+02	7.1181679e+00
2.8211633e+02	7.0231519e+00
2.8715411e+02	6.8270044e+00
2.9219193e+02	6.6774969e+00
2.9722971e+02	6.5641599e+00
3.0226752e+02	6.3444200e+00
3.0730530e+02	6.3024902e+00
3.1234308e+02	6.2520795e+00
3.1738089e+02	6.1724353e+00
3.2241867e+02	6.1782827e+00
3.2745645e+02	6.1998315e+00
3.3249426e+02	6.3008285e+00
3.3753204e+02	6.3622746e+00
3.4256982e+02	6.4632616e+00
3.4760764e+02	6.5654039e+00
3.5264542e+02	6.6924534e+00
3.5768323e+02	6.8271456e+00
3.6272101e+02	6.8868260e+00
3.6775879e+02	7.0192990e+00
3.7279660e+02	7.0754232e+00
3.7783438e+02	7.1190882e+00
3.8287216e+02	7.1590939e+00
3.8790997e+02	7.1599579e+00
3.9294775e+02	7.1395154e+00
3.9798553e+02	7.2592907e+00
4.0302335e+02	7.2485971e+00
4.0806113e+02	7.1717796e+00
4.1309891e+02	7.1633263e+00
4.1813672e+02	7.1772952e+00
4.2317450e+02	7.1222563e+00
4.2821231e+02	7.1690154e+00
4.3325009e+02	7.2522321e+00
4.3828787e+02	7.2706251e+00
4.4332568e+02	7.3665566e+00
4.4836346e+02	7.5243831e+00
4.5340125e+02	7.5630383e+00
4.5843906e+02	7.6662016e+00
4.6347684e+02	7.7782426e+00
4.6851462e+02	7.9017735e+00
4.7355243e+02	7.8015618e+00
4.7859021e+02	8.0525503e+00
4.8362799e+02	8.1183100e+00
4.8866580e+02	8.3479795e+00
4.9370358e+02	8.3011541e+00
4.9874139e+02	8.3810225e+00
5.0377917e+02	8.3541079e+00
5.0881696e+02	8.3662977e+00
5.1385474e+02	8.4319515e+00
5.1889258e+02	8.4037266e+00
5.2393036e+02	8.3283930e+00
5.2896814e+02	8.2721958e+00
5.3400592e+02	8.3562098e+00
5.3904370e+02	8.4162502e+00
5.4408148e+02	8.2080956e+00
5.4911932e+02	8.3270388e+00
5.5415710e+02	8.3921118e+00
5.5919489e+02	8.3609800e+00
5.6423267e+02	8.4488659e+00
5.6927045e+02	8.4336710e+00
5.7430823e+02	8.4546270e+00
5.7934607e+02	8.5477791e+00
5.8438385e+02	8.5170984e+00
5.8942163e+02	8.6665649e+00
5.9445941e+02	8.7945814e+00
5.9949719e+02	8.7572947e+00
6.0453503e+02	8.8265047e+00
6.0957281e+02	8.8967619e+00
6.1461060e+02	8.8592501e+00
6.1964838e+02	8.9528437e+00
6.2468616e+02	9.0164347e+00
6.2972394e+02	9.0884438e+00
6.3476178e+02	9.1472673e+00
6.3979956e+02	9.1360283e+00
6.4483734e+02	9.3148260e+00
6.4987512e+02	9.5175619e+00
6.5491290e+02	9.5255871e+00
6.5995074e+02	9.7998476e+00
6.6498853e+02	1.0087298e+01
6.7002631e+02	1.0295680e+01
6.7506409e+02	1.0583553e+01
6.8010187e+02	1.0882546e+01
6.8513965e+02	1.1294547e+01
6.9017749e+02	1.1743745e+01
6.9521527e+02	1.2066693e+01
7.0025305e+02	1.2467312e+01
7.0529083e+02	1.2266523e+01
7.1032861e+02	1.1537178e+01
7.1536646e+02	1.1544440e+01
7.2040424e+02	1.1874583e+01
7.2544202e+02	1.2297029e+01
7.3047980e+02	1.2588019e+01
7.3551758e+02	1.2872013e+01
7.4055536e+02	1.3126583e+01
7.4559320e+02	1.3120282e+01
7.5063098e+02	1.2992709e+01
7.5566876e+02	1.2751665e+01
7.6070654e+02	1.2369093e+01
7.6574432e+02	1.1505156e+01
7.7078210e+02	9.4479809e+00
7.7581995e+02	4.0470848e+00
7.8085773e+02	1.2369537e+00
7.8589551e+02	1.2562276e+01
7.9093329e+02	1.9642963e+01
7.9597107e+02	2.2430141e+01
8.0100891e+02	2.3942039e+01
8.0604669e+02	2.5034939e+01
8.1108447e+02	2.5888887e+01
8.1612225e+02	2.6683519e+01
8.2116003e+02	2.8557304e+01
8.2619781e+02	3.2256844e+01
8.3123566e+02	4.5791073e+01
8.3627344e+02	4.4636402e+01
8.4131122e+02	3.0042946e+01
8.4634900e+02	2.5853510e+01
8.5138678e+02	2.4843391e+01
8.5642462e+02	2.5507071e+01
8.6146240e+02	2.6170946e+01
8.6650018e+02	2.6580343e+01
8.7153796e+02	2.6711143e+01
8.7657574e+02	2.6199152e+01
8.8161353e+02	2.3546616e+01
8.8665137e+02	2.0881399e+01
8.9168915e+02	1.7775705e+01
8.9672693e+02	1.4510221e+01
9.0176471e+02	9.9780750e+00
9.0680249e+02	6.4926362e+00
9.1184033e+02	3.7427678e+00
9.1687811e+02	3.4428709e+00
9.2191589e+02	6.3212538e+00
9.2695367e+02	8.5365381e+00
9.3199146e+02	1.0053834e+01
9.3702924e+02	1.1280105e+01
9.4206708e+02	1.1876440e+01
9.4710486e+02	1.1914645e+01
9.5214264e+02	1.1363509e+01
9.5718042e+02	9.6016531e+00
9.6221820e+02	1.1297466e+01
9.6725598e+02	1.4453238e+01
9.7229382e+02	1.5318988e+01
9.7733160e+02	1.5838166e+01
9.8236938e+02	1.6155399e+01
9.8740717e+02	1.6281593e+01
9.9244495e+02	1.6279381e+01
9.9748279e+02	1.6108486e+01
1.0025206e+03	1.5994929e+01
1.0075583e+03	1.5730355e+01
1.0125961e+03	1.5297585e+01
1.0176339e+03	1.5009177e+01
1.0226717e+03	1.4336171e+01
1.0277095e+03	1.3661774e+01
1.0327473e+03	1.3004007e+01
1.0377852e+03	1.2121510e+01
1.0428229e+03	1.1388498e+01
1.0478607e+03	1.0466599e+01
1.0528984e+03	9.4853516e+00
1.0579363e+03	8.8263063e+00
1.0629740e+03	7.9643989e+00
1.0680118e+03	7.8224339e+00
1.0730497e+03	7.9530153e+00
1.0780874e+03	8.0784845e+00
1.0831252e+03	8.9559250e+00
1.0881630e+03	9.8230658e+00
1.0932008e+03	1.0346004e+01
1.0982386e+03	1.1497106e+01
1.1032764e+03	1.1893067e+01
1.1083142e+03	1.2549335e+01
1.1133519e+03	1.3199202e+01
1.1183898e+03	1.3089568e+01
1.1234276e+03	1.3796861e+01
1.1284653e+03	1.3807766e+01
1.1335032e+03	1.2203174e+01
1.1385409e+03	1.4327652e+01
1.1435787e+03	1.5897542e+01
1.1486165e+03	1.4998481e+01
1.1536543e+03	1.4716467e+01
1.1586921e+03	1.4959770e+01
1.1637299e+03	1.4362543e+01
1.1687677e+03	1.4383971e+01
1.1738054e+03	1.4268799e+01
1.1788433e+03	1.3780249e+01
1.1838811e+03	1.3782479e+01
1.1889188e+03	1.3494769e+01
1.1939567e+03	1.3253433e+01
1.1989944e+03	1.3224704e+01
1.2040322e+03	1.3090610e+01
1.2090701e+03	1.3161364e+01
1.2141078e+03	1.3317081e+01
1.2191456e+03	1.3093391e+01
1.2241833e+03	1.3535452e+01
1.2292212e+03	1.3671217e+01
1.2342590e+03	1.3878151e+01
1.2392968e+03	1.4271629e+01
1.2443346e+03	1.4400744e+01
1.2493723e+03	1.4723660e+01
1.2544102e+03	1.5166388e+01
1.2594479e+03	1.5207475e+01
1.2644857e+03	1.5537107e+01
1.2695236e+03	1.5713825e+01
1.2745613e+03	1.5859642e+01
1.2795991e+03	1.6112715e+01
1.2846368e+03	1.6127422e+01
1.2896747e+03	1.6243458e+01
1.2947125e+03	1.6397209e+01
1.2997502e+03	1.6434448e+01
1.3047881e+03	1.6578260e+01
1.3098258e+03	1.6585169e+01
1.3148636e+03	1.6644138e+01
1.3199015e+03	1.6778847e+01
1.3249392e+03	1.6841188e+01
1.3299771e+03	1.6904245e+01
1.3350148e+03	1.7081726e+01
1.3400526e+03	1.7150665e+01
1.3450903e+03	1.7273552e+01
1.3501282e+03	1.7390156e+01
1.3551660e+03	1.7444839e+01
1.3602037e+03	1.7687393e+01
1.3652416e+03	1.7823696e+01
1.3702793e+03	1.7850548e+01
1.3753171e+03	1.8215189e+01
1.3803550e+03	1.8369093e+01
1.3853927e+03	1.8510483e+01
1.3904305e+03	1.8607298e+01
1.3954683e+03	1.8776087e+01
1.4005061e+03	1.8901920e+01
1.4055439e+03	1.9086981e+01
1.4105817e+03	1.9271069e+01
1.4156195e+03	1.9363007e+01
1.4206572e+03	1.9588366e+01
1.4256951e+03	1.9758476e+01
1.4307329e+03	1.9886143e+01
1.4357706e+03	2.0097696e+01
1.4408085e+03	2.0255625e+01
1.4458462e+03	2.0465378e+01
1.4508840e+03	2.0681046e+01
1.4559218e+03	2.0876253e+01
1.4609596e+03	2.1134892e+01
1.4659974e+03	2.1413721e+01
1.4710352e+03	2.1612896e+01
1.4760730e+03	2.1881588e+01
1.4811107e+03	2.2167700e+01
1.4861486e+03	2.2405252e+01
1.4911864e+03	2.2671513e+01
1.4962241e+03	2.2953903e+01
1.5012620e+03	2.3226530e+01
1.5062997e+03	2.3527222e+01
1.5113375e+03	2.3777010e+01
1.5163754e+03	2.4054501e+01
1.5214131e+03	2.4362894e+01
1.5264509e+03	2.4643644e+01
1.5314886e+03	2.4945650e+01
1.5365265e+03	2.5283459e+01
1.5415642e+03	2.5608711e+01
1.5466021e+03	2.5951242e+01
1.5516399e+03	2.6293682e+01
1.5566776e+03	2.6681274e+01
1.5617155e+03	2.7086456e+01
1.5667532e+03	2.7487999e+01
1.5717910e+03	2.7925529e+01
1.5768289e+03	2.8372293e+01
1.5818666e+03	2.8862003e+01
1.5869044e+03	2.9432119e+01
1.5919421e+03	2.9990904e+01
1.5969800e+03	3.0603846e+01
1.6020178e+03	3.1273325e+01
1.6070555e+03	3.1989262e+01
1.6120934e+03	3.2774090e+01
1.6171311e+03	3.3609562e+01
1.6221689e+03	3.4546631e+01
1.6272068e+03	3.5610847e+01
1.6322445e+03	3.6797028e+01
1.6372823e+03	3.8180275e+01
1.6423201e+03	3.9824043e+01
1.6473579e+03	4.1842552e+01
1.6523956e+03	4.4458672e+01
1.6574335e+03	4.8244362e+01
1.6624713e+03	5.5170364e+01
1.6675090e+03	6.9179573e+01
1.6725469e+03	5.2214470e+01
1.6775846e+03	4.6884243e+01
1.6826224e+03	4.3576225e+01
1.6876603e+03	4.1195957e+01
1.6926980e+03	3.9327694e+01
1.6977358e+03	3.7789604e+01
1.7027736e+03	3.6484314e+01
1.7078114e+03	3.5350403e+01
1.7128492e+03	3.4341606e+01
1.7178870e+03	3.3442181e+01
1.7229248e+03	3.2634205e+01
1.7279625e+03	3.1895317e+01
1.7330004e+03	3.1209862e+01
1.7380381e+03	3.0582193e+01
1.7430759e+03	2.9981478e+01
1.7481138e+03	2.9453144e+01
1.7531515e+03	2.8961399e+01
1.7581893e+03	2.8441713e+01
1.7632271e+03	2.7977205e+01
1.7682649e+03	2.7532085e+01
1.7733027e+03	2.7093748e+01
1.7783405e+03	2.6707626e+01
1.7833783e+03	2.6317104e+01
1.7884160e+03	2.5960453e+01
1.7934539e+03	2.5614498e+01
1.7984917e+03	2.5310308e+01
1.8035294e+03	2.5014681e+01
1.8085673e+03	2.4702036e+01
1.8136050e+03	2.4388866e+01
1.8186428e+03	2.4121187e+01
1.8236807e+03	2.3847862e+01
1.8287184e+03	2.3571981e+01
1.8337562e+03	2.3298214e+01
1.8387939e+03	2.3011335e+01
1.8438318e+03	2.2770727e+01
1.8488695e+03	2.2500647e+01
1.8539073e+03	2.2172537e+01
1.8589452e+03	2.2006102e+01
1.8639829e+03	2.1774210e+01
1.8690208e+03	2.1560272e+01
1.8740585e+03	2.1356657e+01
1.8790963e+03	2.1121162e+01
1.8841342e+03	2.0973778e+01
1.8891719e+03	2.0765650e+01
1.8942097e+03	2.0538872e+01
1.8992474e+03	2.0428030e+01
1.9042853e+03	2.0211908e+01
1.9093231e+03	2.0080479e+01
1.9143608e+03	1.9898117e+01
1.9193987e+03	1.9752224e+01
1.9244364e+03	1.9628668e+01
1.9294742e+03	1.9365515e+01
1.9345120e+03	1.9303150e+01
1.9395498e+03	1.9142410e+01
1.9445876e+03	1.8988876e+01
1.9496254e+03	1.8863298e+01
1.9546632e+03	1.8789921e+01
1.9597009e+03	1.8603430e+01
1.9647388e+03	1.8429296e+01
1.9697766e+03	1.8309971e+01
1.9748143e+03	1.8123423e+01
1.9798522e+03	1.7943485e+01
1.9848899e+03	1.7774130e+01
1.9899277e+03	1.7778465e+01
1.9949656e+03	1.7565128e+01
2.0000033e+03	1.7413450e+01
2.0050411e+03	1.7297499e+01
2.0100789e+03	1.7211487e+01
2.0151167e+03	1.7173370e+01
2.0201545e+03	1.7023581e+01
2.0251923e+03	1.6985384e+01
2.0302301e+03	1.6835751e+01
2.0352678e+03	1.6702061e+01
2.0403057e+03	1.6609219e+01
2.0453434e+03	1.6397095e+01
2.0503813e+03	1.6377405e+01
2.0554189e+03	1.6129496e+01
2.0604568e+03	1.6090569e+01
2.0654946e+03	1.5981819e+01
2.0705325e+03	1.5714585e+01
2.0755703e+03	1.5627472e+01
2.0806079e+03	1.5684597e+01
2.0856458e+03	1.5445222e+01
2.0906836e+03	1.5434772e+01
2.0957214e+03	1.5225122e+01
2.1007590e+03	1.5193222e+01
2.1057969e+03	1.5045107e+01
2.1108347e+03	1.4965302e+01
2.1158726e+03	1.4676711e+01
2.1209104e+03	1.4831511e+01
2.1259480e+03	1.4582547e+01
2.1309858e+03	1.4437706e+01
2.1360237e+03	1.4409464e+01
2.1410615e+03	1.4524069e+01
2.1460994e+03	1.4412620e+01
2.1511370e+03	1.4321045e+01
2.1561748e+03	1.4233581e+01
2.1612126e+03	1.4384097e+01
2.1662505e+03	1.4392392e+01
2.1712883e+03	1.4136277e+01
2.1763259e+03	1.4159600e+01
2.1813638e+03	1.4215330e+01
2.1864016e+03	1.4048157e+01
2.1914395e+03	1.3945567e+01
2.1964773e+03	1.3680897e+01
2.2015149e+03	1.3801105e+01
2.2065527e+03	1.3624798e+01
2.2115906e+03	1.3572196e+01
2.2166284e+03	1.3436083e+01
2.2216663e+03	1.3426459e+01
2.2267039e+03	1.3351126e+01
2.2317417e+03	1.3215933e+01
2.2367795e+03	1.3056523e+01
2.2418174e+03	1.3122124e+01
2.2468552e+03	1.3076322e+01
2.2518928e+03	1.2724599e+01
2.2569307e+03	1.2652804e+01
2.2619685e+03	1.2686030e+01
2.2670063e+03	1.2252821e+01
2.2720442e+03	1.2758285e+01
2.2770818e+03	1.2460085e+01
2.2821196e+03	1.2185146e+01
2.2871575e+03	1.2204510e+01
2.2921953e+03	1.2261212e+01
2.2972329e+03	1.1977644e+01
2.3022708e+03	1.2163077e+01
2.3073086e+03	1.2235828e+01
2.3123464e+03	1.1884697e+01
2.3173843e+03	1.2050570e+01
2.3224219e+03	1.1997301e+01
2.3274597e+03	1.1905778e+01
2.3324976e+03	1.1825015e+01
2.3375354e+03	1.1596794e+01
2.3425732e+03	1.1901984e+01
2.3476108e+03	1.1761090e+01
2.3526487e+03	1.1675773e+01
2.3576865e+03	1.1846621e+01
2.3627244e+03	1.1755271e+01
2.3677622e+03	1.1665203e+01
2.3727998e+03	1.1555052e+01
2.3778376e+03	1.1754704e+01
2.3828755e+03	1.1870489e+01
2.3879133e+03	1.1628519e+01
2.3929512e+03	1.1746502e+01
2.3979888e+03	1.1560649e+01
2.4030266e+03	1.1388431e+01
2.4080645e+03	1.1104588e+01
2.4131023e+03	1.1101507e+01
2.4181401e+03	1.1085261e+01
2.4231777e+03	1.0806241e+01
2.4282156e+03	1.0819983e+01
2.4332534e+03	1.0668279e+01
2.4382913e+03	1.0428242e+01
2.4433291e+03	1.0321641e+01
2.4483667e+03	1.0201442e+01
2.4534045e+03	1.0457850e+01
2.4584424e+03	1.0270900e+01
2.4634802e+03	9.8480139e+00
2.4685181e+03	9.8114214e+00
2.4735557e+03	9.4623432e+00
2.4785935e+03	9.0678577e+00
2.4836313e+03	9.2468309e+00
2.4886692e+03	9.1005878e+00
2.4937068e+03	7.8041501e+00
2.4987446e+03	7.2761707e+00
2.5037825e+03	1.2087027e+01
2.5088203e+03	1.0930986e+01
2.5138582e+03	1.0702132e+01
2.5188958e+03	1.0614272e+01
2.5239336e+03	1.0567443e+01
2.5289714e+03	1.0811585e+01
2.5340093e+03	1.0556705e+01
2.5390471e+03	1.0761464e+01
2.5440847e+03	1.0679682e+01
2.5491226e+03	1.0556895e+01
2.5541604e+03	1.0612045e+01
2.5591982e+03	1.0485959e+01
2.5642361e+03	1.0333400e+01
2.5692737e+03	1.0433858e+01
2.5743115e+03	1.0260255e+01
2.5793494e+03	1.0036578e+01
2.5843872e+03	1.0055508e+01
2.5894250e+03	1.0311239e+01
2.5944626e+03	1.0234335e+01
2.5995005e+03	9.7426434e+00
2.6045383e+03	9.9855623e+00
2.6095762e+03	9.7891817e+00
2.6146140e+03	9.5987244e+00
2.6196516e+03	9.3128376e+00
2.6246895e+03	9.5248909e+00
2.6297273e+03	9.3799973e+00
2.6347651e+03	9.2677050e+00
2.6398030e+03	9.0537691e+00
2.6448406e+03	9.1847429e+00
2.6498784e+03	9.0786743e+00
2.6549163e+03	8.8719940e+00
2.6599541e+03	9.3614292e+00
2.6649919e+03	9.1088877e+00
2.6700295e+03	9.3160887e+00
2.6750674e+03	9.0677767e+00
2.6801052e+03	8.7689047e+00
2.6851431e+03	8.5578041e+00
2.6901807e+03	9.1284199e+00
2.6952185e+03	8.7337580e+00
2.7002563e+03	8.8272619e+00
2.7052942e+03	8.6418972e+00
2.7103320e+03	8.9687920e+00
2.7153696e+03	8.4900932e+00
2.7204075e+03	8.8278246e+00
2.7254453e+03	9.0606833e+00
2.7304832e+03	9.4082098e+00
2.7355210e+03	9.3414068e+00
2.7405586e+03	9.3306351e+00
2.7455964e+03	9.2087650e+00
2.7506343e+03	9.6338606e+00
2.7556721e+03	9.0279341e+00
2.7607100e+03	9.0198946e+00
2.7657476e+03	9.1620665e+00
2.7707854e+03	9.2362137e+00
2.7758232e+03	9.0211611e+00
2.7808611e+03	8.7746086e+00
2.7858989e+03	9.1072502e+00
2.7909365e+03	8.8456144e+00
2.7959744e+03	8.6822720e+00
2.8010122e+03	9.0329285e+00
2.8060500e+03	8.2717237e+00
2.8110879e+03	8.2110567e+00
2.8161255e+03	8.1724968e+00
2.8211633e+03	8.3250751e+00
2.8262012e+03	8.1626883e+00
2.8312390e+03	7.6413279e+00
2.8362769e+03	7.5158443e+00
2.8413145e+03	7.7435446e+00
2.8463523e+03	8.0728455e+00
2.8513901e+03	7.4644084e+00
2.8564280e+03	7.7656708e+00
2.8614658e+03	7.9666495e+00
2.8665034e+03	7.6886525e+00
2.8715413e+03	8.2603788e+00
2.8765791e+03	8.7018814e+00
2.8816169e+03	8.3565531e+00
2.8866545e+03	8.8342609e+00
2.8916924e+03	8.7981615e+00
2.8967302e+03	9.3168364e+00
2.9017681e+03	8.9773531e+00
2.9068059e+03	8.5725374e+00
2.9118435e+03	8.9988632e+00
2.9168813e+03	8.5430670e+00
2.9219192e+03	8.9533339e+00
2.9269570e+03	8.7536335e+00
2.9319949e+03	8.8629389e+00
2.9370325e+03	8.7704229e+00
2.9420703e+03	8.7070780e+00
2.9471082e+03	9.0771141e+00
2.9521460e+03	8.9577732e+00
2.9571838e+03	8.9479580e+00
2.9622214e+03	9.4681530e+00
2.9672593e+03	9.0391159e+00
2.9722971e+03	8.4110441e+00
2.9773350e+03	8.8701410e+00
2.9823728e+03	8.6855888e+00
2.9874104e+03	8.4254513e+00
2.9924482e+03	8.2369595e+00
2.9974861e+03	8.5641899e+00
3.0025239e+03	8.4788322e+00
3.0075618e+03	8.5633450e+00
3.0125994e+03	8.5882750e+00
3.0176372e+03	9.0173159e+00
3.0226750e+03	9.0186529e+00
3.0277129e+03	8.8493013e+00
3.0327507e+03	8.8764324e+00
3.0377883e+03	8.8678989e+00
3.0428262e+03	8.9641390e+00
3.0478640e+03	8.4665976e+00
3.0529019e+03	8.8834667e+00
3.0579397e+03	8.4607754e+00
3.0629773e+03	8.7904434e+00
3.0680151e+03	8.7393417e+00
3.0730530e+03	9.0342350e+00
3.0780908e+03	9.4266949e+00
3.0831284e+03	9.4221535e+00
3.0881663e+03	9.6128626e+00
3.0932041e+03	9.8570881e+00
3.0982419e+03	9.8552914e+00
3.1032798e+03	9.8818188e+00
3.1083174e+03	9.9651461e+00
3.1133552e+03	1.0022932e+01
3.1183931e+03	9.8339157e+00
3.1234309e+03	9.9464521e+00
3.1284688e+03	9.9692822e+00
3.1335063e+03	1.0201324e+01
3.1385442e+03	1.0004113e+01
3.1435820e+03	1.0109854e+01
3.1486199e+03	1.0504775e+01
3.1536577e+03	1.0411209e+01
3.1586953e+03	1.0332732e+01
3.1637332e+03	1.0930699e+01
3.1687710e+03	1.0500397e+01
3.1738088e+03	1.0553064e+01
3.1788467e+03	1.0836104e+01
3.1838843e+03	1.0553282e+01
3.1889221e+03	1.0829322e+01
3.1939600e+03	1.0924960e+01
3.1989978e+03	1.1412995e+01
3.2040356e+03	1.1549641e+01
3.2090732e+03	1.1445248e+01
3.2141111e+03	1.1847358e+01
3.2191489e+03	1.2329703e+01
3.2241868e+03	1.2227526e+01
3.2292246e+03	1.2774446e+01
3.2342622e+03	1.3207867e+01
3.2393000e+03	1.3283248e+01
3.2443379e+03	1.3604048e+01
3.2493757e+03	1.3816708e+01
3.2544136e+03	1.4315218e+01
3.2594512e+03	1.4609152e+01
3.2644890e+03	1.5059086e+01
3.2695269e+03	1.5556617e+01
3.2745647e+03	1.6159163e+01
3.2796023e+03	1.6700716e+01
3.2846401e+03	1.7209337e+01
3.2896780e+03	1.8163029e+01
3.2947158e+03	1.8998793e+01
3.2997537e+03	1.9961231e+01
3.3047913e+03	2.1206837e+01
3.3098291e+03	2.2690805e+01
3.3148669e+03	2.4614828e+01
3.3199048e+03	2.7117275e+01
3.3249426e+03	3.0943354e+01
3.3299802e+03	3.8734791e+01
3.3350181e+03	4.4574570e+01
3.3400559e+03	3.2299755e+01
3.3450938e+03	2.7233402e+01
3.3501316e+03	2.3910183e+01
3.3551692e+03	2.1491514e+01
3.3602070e+03	1.9434952e+01
3.3652449e+03	1.7739050e+01
3.3702827e+03	1.6376642e+01
3.3753206e+03	1.4922316e+01
3.3803582e+03	1.3902154e+01
3.3853960e+03	1.2661221e+01
3.3904338e+03	1.1633911e+01
3.3954717e+03	1.0835663e+01
3.4005095e+03	9.8985453e+00
3.4055471e+03	9.3728991e+00
3.4105850e+03	8.6174707e+00
3.4156228e+03	7.7860842e+00
3.4206606e+03	7.4592609e+00
3.4256985e+03	6.0511346e+00
3.4307361e+03	5.8621192e+00
3.4357739e+03	4.2769499e+00
3.4408118e+03	4.1121759e+00
3.4458496e+03	3.1890922e+00
3.4508875e+03	2.0506763e+00
3.4559250e+03	1.5513707e+00
3.4609629e+03	1.1344867e+00
3.4660007e+03	9.9494135e-01
3.4710386e+03	1.8930796e-01
3.4760762e+03	8.5498852e-01
3.4811140e+03	-2.3705717e-02
3.4861519e+03	-1.7198116e-01
3.4911897e+03	-1.3649770e+00
3.4962275e+03	6.3521546e-01
3.5012651e+03	-1.4795420e+00
3.5063030e+03	-1.2256850e+00
3.5113408e+03	-3.8102856e-01
3.5163787e+03	-1.8633753e+00
3.5214165e+03	-1.4904748e+00
3.5264541e+03	-7.6365334e-01
3.5314919e+03	-2.6269451e-01
3.5365298e+03	-5.7061815e-01
3.5415676e+03	-4.1241556e-01
3.5466055e+03	-1.1051711e+00
3.5516431e+03	-8.5174179e-01
3.5566809e+03	-1.9626147e+00
3.5617188e+03	-1.9483725e+00
3.5667566e+03	-1.4448398e+00
3.5717944e+03	-1.6024146e+00
3.5768320e+03	-1.3977704e+00
3.5818699e+03	-2.6120675e+00
3.5869077e+03	-2.6887081e+00
3.5919456e+03	-1.4886488e+00
3.5969834e+03	-1.2111446e+00
3.6020210e+03	-1.0463598e+00
3.6070588e+03	-1.4876139e+00
3.6120967e+03	-2.2903880e-02
3.6171345e+03	-1.5184156e+00
3.6221724e+03	-1.7693415e+00
3.6272100e+03	-1.3381114e+00
3.6322478e+03	-1.8461324e+00
3.6372856e+03	-2.0017393e+00
3.6423235e+03	-2.4225183e+00
3.6473613e+03	-1.3230234e+00
3.6523989e+03	-1.6562866e+00
3.6574368e+03	-2.2918179e+00
3.6624746e+03	-1.6258880e+00
3.6675125e+03	-1.3250579e+00
3.6725500e+03	-1.5692303e+00
3.6775879e+03	-1.8802470e+00
3.6826257e+03	-9.5584989e-01
3.6876636e+03	-5.8908832e-01
3.6927014e+03	-1.3617113e+00
3.6977390e+03	-7.9008704e-01
3.7027769e+03	4.0137720e-01
3.7078147e+03	-3.0021414e-01
3.7128525e+03	-7.8585780e-01
3.7178904e+03	-1.1020916e+00
3.7229280e+03	-4.4802815e-01
3.7279658e+03	-7.3700380e-01
3.7330037e+03	-7.0294887e-01
3.7380415e+03	-5.6107992e-01
3.7430793e+03	2.1621484e-01
3.7481169e+03	-8.4684893e-02
3.7531548e+03	3.7769449e-01
3.7581926e+03	-3.9463001e-01
3.7632305e+03	-1.1042926e-01
3.7682683e+03	-1.1570583e-01
3.7733059e+03	-7.4588829e-01
3.7783438e+03	5.8185831e-02
3.7833816e+03	-3.0013273e+00
3.7884194e+03	-1.0114087e+00
3.7934573e+03	-2.8819480e+00
3.7984949e+03	-4.8102474e-01
3.8035327e+03	-2.2912817e-01
3.8085706e+03	-5.5471647e-01
3.8136084e+03	-6.9293272e-01
3.8186462e+03	-6.9616073e-01
3.8236838e+03	-1.9985956e-01
3.8287217e+03	-4.0689390e-02
3.8337595e+03	3.5679236e-01
3.8387974e+03	-8.2713060e-02
3.8438352e+03	-2.1692044e-01
3.8488728e+03	-2.4160510e-01
3.8539106e+03	-7.9085129e-01
3.8589485e+03	-6.3513601e-01
3.8639863e+03	-2.1624524e-02
3.8690239e+03	-3.0798015e-01
3.8740618e+03	-5.3190047e-01
3.8790996e+03	-9.8190375e-02
3.8841375e+03	3.2109041e-02
3.8891753e+03	3.2449129e-01
3.8942129e+03	-1.1016561e-01
3.8992507e+03	-4.6844462e-01
3.9042886e+03	8.7183207e-01
3.9093264e+03	-4.0132198e-01
3.9143643e+03	-2.6857635e-01
3.9194019e+03	-2.5162965e-01
3.9244397e+03	-1.0801103e+00
3.9294775e+03	7.5995088e-02
3.9345154e+03	-2.5877211e+00
3.9395532e+03	-1.4985546e+00
3.9445908e+03	-3.9817235e+00
3.9496287e+03	3.6349132e+00
3.9546665e+03	-6.9463742e-01
3.9597043e+03	-2.8853661e-01
3.9647422e+03	1.0696564e+00
3.9697798e+03	-5.9385395e-01
3.9748176e+03	1.7369412e-01
3.9798555e+03	-3.7550528e-02
3.9848933e+03	-7.1925223e-01
3.9899312e+03	-9.8895535e-02
3.9949688e+03	-7.8021109e-01
4.0000066e+03	-1.1351126e+00
4.0050444e+03	-9.6991944e-01
4.0100823e+03	-1.5795147e+00
4.0151201e+03	-4.6960506e-01
4.0201577e+03	5.2149612e-03
4.0251956e+03	-6.3047576e-01
4.0302334e+03	-1.4561209e-01
4.0352712e+03	-6.0980988e-01
4.0403091e+03	-3.3281691e-02
4.0453467e+03	1.5497714e-01
4.0503845e+03	-1.3876981e-01
4.0554224e+03	4.8460200e-01
4.0604602e+03	2.9300374e-01
4.0654980e+03	-2.6958048e-01
4.0705356e+03	2.2829027e-01
4.0755735e+03	5.2207482e-01
4.0806113e+03	7.4560064e-01
4.0856492e+03	2.7851844e-01
4.0906868e+03	7.8424478e-01
4.0957246e+03	9.1211760e-01
4.1007627e+03	1.5650059e+00
4.1058003e+03	1.4138913e+00
4.1108379e+03	1.1742897e+00
4.1158760e+03	4.5393732e-01
4.1209136e+03	5.3006411e-01
4.1259517e+03	5.4344410e-01
4.1309893e+03	4.5565778e-01
4.1360269e+03	8.3539402e-01
4.1410649e+03	7.5071162e-01
4.1461025e+03	6.6793871e-01
4.1511406e+03	9.7408354e-01
4.1561782e+03	1.3757948e+00
4.1612158e+03	3.6925385e+00
4.1662539e+03	-1.2434040e+01
4.1712915e+03	2.0357885e+00
4.1763291e+03	-1.1395769e-01
4.1813672e+03	-1.3973580e-01
4.1864048e+03	6.8532890e-01
4.1914429e+03	6.8270147e-02
4.1964805e+03	-6.3910216e-01
4.2015181e+03	-6.9842690e-01
4.2065562e+03	-1.1310183e+00
4.2115938e+03	-1.2155982e+00
4.2166318e+03	-8.4715825e-01
4.2216694e+03	-7.4359477e-01
4.2267070e+03	-3.7641111e-01
4.2317451e+03	-4.3901253e-01
4.2367827e+03	5.4531533e-01
4.2418208e+03	9.9766076e-01
4.2468584e+03	4.2663670e-01
4.2518960e+03	7.8424001e-01
4.2569341e+03	1.3473207e+00
4.2619717e+03	9.8143041e-01
4.2670098e+03	4.1440323e-01
4.2720474e+03	5.7253939e-01
4.2770850e+03	5.8210939e-01
4.2821230e+03	3.0527806e-01
4.2871606e+03	4.9794668e-01
4.2921987e+03	7.3699933e-01
4.2972363e+03	4.8473859e-01
4.3022739e+03	5.5427104e-01
4.3073120e+03	1.9205588e-01
4.3123496e+03	1.6731697e-01
4.3173877e+03	3.6669031e-01
4.3224253e+03	1.7628939e-01
4.3274629e+03	1.5570696e-01
4.3325010e+03	-4.7875616e-01
4.3375386e+03	-4.0146819e-01
4.3425767e+03	-4.7640064e-01
4.3476143e+03	-6.9877136e-01
4.3526519e+03	-1.2267531e+00
4.3576899e+03	-1.5192856e+00
4.3627275e+03	-5.5222303e-01
4.3677656e+03	-1.2371210e+00
4.3728032e+03	-5.4483068e-01
4.3778408e+03	-5.8486426e-01
4.3828789e+03	-9.0570241e-01
4.3879165e+03	5.5494452e-01
4.3929546e+03	7.2239395e-03
4.3979922e+03	6.3547218e-01
4.4030298e+03	1.5176621e-01
4.4080679e+03	2.0966554e-01
4.4131055e+03	6.0835993e-03
4.4181436e+03	2.3298712e-01
4.4231812e+03	6.4537770e-01
4.4282188e+03	1.0847837e-01
4.4332568e+03	6.9402593e-01
4.4382944e+03	7.7375335e-01
4.4433325e+03	7.1896815e-01
4.4483701e+03	4.1601849e-01
4.4534077e+03	1.0109245e+00
4.4584458e+03	9.1016620e-01
4.4634834e+03	9.7231251e-01
4.4685215e+03	1.2503049e+00
4.4735591e+03	1.2636883e+00
4.4785967e+03	5.9103620e-01
4.4836348e+03	9.1156822e-01
4.4886724e+03	5.9756953e-01
4.4937104e+03	6.4243519e-01
4.4987480e+03	3.3428997e-01
4.5037856e+03	1.0380711e-01
4.5088237e+03	-3.1855673e-01
4.5138613e+03	-1.1384474e-01
4.5188994e+03	-3.9845276e-01
4.5239370e+03	2.3744997e-01
4.5289746e+03	2.1639992e-02
4.5340127e+03	-1.8113191e-01
4.5390503e+03	4.8343604e-03
4.5440884e+03	-1.7090671e-01
4.5491260e+03	-6.4553374e-01
4.5541636e+03	3.5802964e-02
4.5592017e+03	-7.9121029e-01
4.5642393e+03	-9.2583787e-01
4.5692769e+03	-5.3130448e-01
4.5743149e+03	-4.1229174e-01
4.5793525e+03	-5.5542159e-01
4.5843906e+03	1.0080852e-01
4.5894282e+03	1.2095387e-01
4.5944658e+03	4.2823803e-01
4.5995039e+03	1.1996795e+00
4.6045415e+03	1.3663440e+00
4.6095796e+03	1.2353179e+00
4.6146172e+03	1.0788085e+00
4.6196548e+03	1.3818004e+00
4.6246929e+03	1.3351706e+00
4.6297305e+03	1.2141294e+00
4.6347686e+03	1.4138969e+00
4.6398062e+03	1.4495982e+00
4.6448438e+03	1.2541817e+00
4.6498818e+03	1.2968380e+00
4.6549194e+03	1.3943598e+00
4.6599575e+03	1.2005526e+00
4.6649951e+03	1.0623329e+00
4.6700327e+03	1.2210612e+00
4.6750708e+03	1.5286750e+00
4.6801084e+03	1.3210067e+00
4.6851465e+03	3.6696628e-01
4.6901841e+03	-3.7126772e-02
4.6952217e+03	4.4609904e-01
4.7002598e+03	1.1806785e-01
4.7052974e+03	-2.7532741e-01
4.7103354e+03	-4.7176701e-01
4.7153730e+03	-7.2031176e-01
4.7204106e+03	-1.5175005e+00
4.7254487e+03	-8.4298217e-01
4.7304863e+03	-8.6546588e-01
4.7355244e+03	-5.9000003e-01
4.7405620e+03	-8.9305758e-01
4.7455996e+03	-3.1966388e-01
4.7506377e+03	-3.4193480e-01
4.7556753e+03	-5.6537677e-02
4.7607134e+03	-1.7981724e-01
4.7657510e+03	-1.0133311e-01
4.7707886e+03	1.8672046e-01
4.7758267e+03	2.4440682e-01
4.7808643e+03	5.2309293e-01
4.7859023e+03	1.4639954e-01
4.7909399e+03	5.6411415e-01
4.7959775e+03	1.0905393e+00
4.8010156e+03	8.6217827e-01
4.8060532e+03	1.3976960e+00
4.8110913e+03	1.5905358e+00
4.8161289e+03	1.4450603e+00
4.8211665e+03	1.9664221e+00
4.8262046e+03	1.9612315e+00
4.8312422e+03	1.8038474e+00
4.8362803e+03	2.3700449e+00
4.8413179e+03	1.8135014e+00
4.8463555e+03	1.0172731e+00
4.8513936e+03	1.3653536e+00
4.8564312e+03	1.2223949e+00
4.8614692e+03	1.0465959e+00
4.8665068e+03	1.3103348e+00
4.8715444e+03	1.0315409e+00
4.8765825e+03	9.4838095e-01
4.8816201e+03	1.3936906e+00
4.8866582e+03	9.3112701e-01
4.8916958e+03	1.3550370e+00
4.8967334e+03	1.0625225e+00
4.9017715e+03	1.4997197e+00
4.9068091e+03	1.3562635e+00
4.9118472e+03	1.9635442e+00
4.9168848e+03	1.4579827e+00
4.9219224e+03	8.4193647e-01
4.9269604e+03	2.0069211e+00
4.9319980e+03	2.5962913e+00
4.9370361e+03	2.7787926e+00
4.9420737e+03	3.6580429e+00
4.9471113e+03	4.1740298e+00
4.9521494e+03	5.0196800e+00
4.9571870e+03	5.7812963e+00
4.9622246e+03	6.9526362e+00
4.9672627e+03	8.0755863e+00
4.9723003e+03	9.3537655e+00
4.9773384e+03	1.0916068e+01
4.9823760e+03	1.3145896e+01
4.9874136e+03	1.6051472e+01
4.9924517e+03	2.0458656e+01
4.9974893e+03	2.9649614e+01
)
