(title "Spectral Analysis of Pressure at receiver-2")
(labels "Frequency (Hz)" "Sound Pressure Level (dB)")

((xy/key/label "Pressure")
5.0377917e+00	-4.2160497e+00
1.0075583e+01	-4.3938432e+00
1.5113375e+01	-4.4368792e+00
2.0151167e+01	-4.5024447e+00
2.5188959e+01	-4.5901389e+00
3.0226749e+01	-4.6965661e+00
3.5264542e+01	-4.8049755e+00
4.0302334e+01	-4.9336295e+00
4.5340126e+01	-4.9820147e+00
5.0377918e+01	-4.9380679e+00
5.5415710e+01	-4.8923082e+00
6.0453499e+01	-4.8786302e+00
6.5491295e+01	-4.9123211e+00
7.0529083e+01	-5.0041404e+00
7.5566879e+01	-5.1366153e+00
8.0604668e+01	-5.3616877e+00
8.5642456e+01	-5.1763005e+00
9.0680252e+01	-4.4469271e+00
9.5718040e+01	-4.1442652e+00
1.0075584e+02	-3.9706755e+00
1.0579362e+02	-3.8507788e+00
1.1083142e+02	-3.8233519e+00
1.1586921e+02	-3.8410914e+00
1.2090700e+02	-3.8835521e+00
1.2594479e+02	-3.9758980e+00
1.3098259e+02	-4.0613036e+00
1.3602037e+02	-4.1430221e+00
1.4105817e+02	-4.1720514e+00
1.4609596e+02	-4.1931214e+00
1.5113376e+02	-4.2496800e+00
1.5617154e+02	-4.3968029e+00
1.6120934e+02	-4.6801753e+00
1.6624713e+02	-5.0578694e+00
1.7128491e+02	-5.4052343e+00
1.7632271e+02	-5.5760732e+00
1.8136050e+02	-5.5215802e+00
1.8639830e+02	-5.3170285e+00
1.9143608e+02	-5.1564298e+00
1.9647388e+02	-5.0020947e+00
2.0151167e+02	-4.8164186e+00
2.0654945e+02	-4.6570997e+00
2.1158725e+02	-4.4794717e+00
2.1662505e+02	-4.3310952e+00
2.2166284e+02	-4.1964417e+00
2.2670062e+02	-4.0634251e+00
2.3173842e+02	-3.9353213e+00
2.3677621e+02	-3.9048283e+00
2.4181400e+02	-3.8717482e+00
2.4685179e+02	-3.8256137e+00
2.5188959e+02	-3.8100412e+00
2.5692737e+02	-3.8467391e+00
2.6196518e+02	-3.9245005e+00
2.6700296e+02	-3.9596934e+00
2.7204074e+02	-4.0789437e+00
2.7707855e+02	-4.2024975e+00
2.8211633e+02	-4.2859178e+00
2.8715411e+02	-4.4322062e+00
2.9219193e+02	-4.5542183e+00
2.9722971e+02	-4.6227703e+00
3.0226752e+02	-4.7830362e+00
3.0730530e+02	-4.8105640e+00
3.1234308e+02	-4.8221283e+00
3.1738089e+02	-4.8660345e+00
3.2241867e+02	-4.8438873e+00
3.2745645e+02	-4.8210425e+00
3.3249426e+02	-4.7386203e+00
3.3753204e+02	-4.6739030e+00
3.4256982e+02	-4.5964613e+00
3.4760764e+02	-4.5205512e+00
3.5264542e+02	-4.4165192e+00
3.5768323e+02	-4.3294330e+00
3.6272101e+02	-4.2804084e+00
3.6775879e+02	-4.1896796e+00
3.7279660e+02	-4.1501369e+00
3.7783438e+02	-4.1111040e+00
3.8287216e+02	-4.0895262e+00
3.8790997e+02	-4.0890489e+00
3.9294775e+02	-4.1214828e+00
3.9798553e+02	-4.0235491e+00
4.0302335e+02	-4.0406747e+00
4.0806113e+02	-4.0924954e+00
4.1309891e+02	-4.0745049e+00
4.1813672e+02	-4.0889530e+00
4.2317450e+02	-4.1087623e+00
4.2821231e+02	-4.0660987e+00
4.3325009e+02	-3.9918938e+00
4.3828787e+02	-3.9709284e+00
4.4332568e+02	-3.8887639e+00
4.4836346e+02	-3.7918680e+00
4.5340125e+02	-3.7280607e+00
4.5843906e+02	-3.6637154e+00
4.6347684e+02	-3.5941162e+00
4.6851462e+02	-3.5108721e+00
4.7355243e+02	-3.5785606e+00
4.7859021e+02	-3.4049067e+00
4.8362799e+02	-3.4073775e+00
4.8866580e+02	-3.2183795e+00
4.9370358e+02	-3.2767816e+00
4.9874139e+02	-3.2414429e+00
5.0377917e+02	-3.2684515e+00
5.0881696e+02	-3.2813647e+00
5.1385474e+02	-3.2573035e+00
5.1889258e+02	-3.2642326e+00
5.2393036e+02	-3.3258910e+00
5.2896814e+02	-3.3732877e+00
5.3400592e+02	-3.2776763e+00
5.3904370e+02	-3.2382481e+00
5.4408148e+02	-3.3743379e+00
5.4911932e+02	-3.2777345e+00
5.5415710e+02	-3.1774619e+00
5.5919489e+02	-3.1888049e+00
5.6423267e+02	-3.1197698e+00
5.6927045e+02	-3.0874178e+00
5.7430823e+02	-3.0482078e+00
5.7934607e+02	-2.9596994e+00
5.8438385e+02	-2.9415829e+00
5.8942163e+02	-2.8463688e+00
5.9445941e+02	-2.7589738e+00
5.9949719e+02	-2.7767205e+00
6.0453503e+02	-2.7184632e+00
6.0957281e+02	-2.7195342e+00
6.1461060e+02	-2.7545209e+00
6.1964838e+02	-2.7082534e+00
6.2468616e+02	-2.6777596e+00
6.2972394e+02	-2.6750758e+00
6.3476178e+02	-2.6549599e+00
6.3979956e+02	-2.6958530e+00
6.4483734e+02	-2.5882204e+00
6.4987512e+02	-2.4527533e+00
6.5491290e+02	-2.5151987e+00
6.5995074e+02	-2.3600981e+00
6.6498853e+02	-2.1448445e+00
6.7002631e+02	-2.0024457e+00
6.7506409e+02	-1.7933627e+00
6.8010187e+02	-1.5795889e+00
6.8513965e+02	-1.2195230e+00
6.9017749e+02	-8.4652245e-01
6.9521527e+02	-5.4303771e-01
7.0025305e+02	-1.0387810e-01
7.0529083e+02	-1.3129897e-01
7.1032861e+02	-7.4329644e-01
7.1536646e+02	-8.4690183e-01
7.2040424e+02	-6.1055940e-01
7.2544202e+02	-2.1443427e-01
7.3047980e+02	4.1704360e-02
7.3551758e+02	3.2987472e-01
7.4055536e+02	6.0261875e-01
7.4559320e+02	6.4021623e-01
7.5063098e+02	6.0862392e-01
7.5566876e+02	4.3963173e-01
7.6070654e+02	1.7710708e-01
7.6574432e+02	-4.0694582e-01
7.7078210e+02	-1.8383054e+00
7.7581995e+02	-5.3636670e+00
7.8085773e+02	-1.4063849e+01
7.8589551e+02	-3.5392814e+00
7.9093329e+02	4.8509583e+00
7.9597107e+02	8.1363668e+00
8.0100891e+02	9.8566942e+00
8.0604669e+02	1.1071584e+01
8.1108447e+02	1.1970384e+01
8.1612225e+02	1.2782265e+01
8.2116003e+02	1.4614326e+01
8.2619781e+02	1.8249554e+01
8.3123566e+02	3.1645115e+01
8.3627344e+02	3.0512342e+01
8.4131122e+02	1.5932914e+01
8.4634900e+02	1.1905205e+01
8.5138678e+02	1.1039048e+01
8.5642462e+02	1.1684305e+01
8.6146240e+02	1.2300588e+01
8.6650018e+02	1.2603524e+01
8.7153796e+02	1.2623943e+01
8.7657574e+02	1.1928499e+01
8.8161353e+02	9.0533304e+00
8.8665137e+02	6.1007977e+00
8.9168915e+02	2.5920482e+00
8.9672693e+02	-1.0905348e+00
9.0176471e+02	-7.0056109e+00
9.0680249e+02	-9.9382677e+00
9.1184033e+02	-9.7201872e+00
9.1687811e+02	-7.4896517e+00
9.2191589e+02	-4.7388978e+00
9.2695367e+02	-2.9818423e+00
9.3199146e+02	-1.7998317e+00
9.3702924e+02	-9.3247324e-01
9.4206708e+02	-5.3656852e-01
9.4710486e+02	-6.4239597e-01
9.5214264e+02	-1.1655238e+00
9.5718042e+02	-2.1361961e+00
9.6221820e+02	-3.8066515e-01
9.6725598e+02	2.0423348e+00
9.7229382e+02	2.5533686e+00
9.7733160e+02	2.8681026e+00
9.8236938e+02	3.0286403e+00
9.8740717e+02	2.9982989e+00
9.9244495e+02	2.8897266e+00
9.9748279e+02	2.6114407e+00
1.0025206e+03	2.3614683e+00
1.0075583e+03	2.0128303e+00
1.0125961e+03	1.3993975e+00
1.0176339e+03	9.9309194e-01
1.0226717e+03	2.2703357e-01
1.0277095e+03	-5.8386952e-01
1.0327473e+03	-1.2783070e+00
1.0377852e+03	-2.2294519e+00
1.0428229e+03	-2.9930708e+00
1.0478607e+03	-3.6479409e+00
1.0528984e+03	-4.4707012e+00
1.0579363e+03	-4.5737333e+00
1.0629740e+03	-4.8894210e+00
1.0680118e+03	-4.4672265e+00
1.0730497e+03	-3.7059097e+00
1.0780874e+03	-3.3760889e+00
1.0831252e+03	-2.6113467e+00
1.0881630e+03	-1.6531115e+00
1.0932008e+03	-1.2582372e+00
1.0982386e+03	-4.2639482e-01
1.1032764e+03	3.8766723e-02
1.1083142e+03	2.9312861e-01
1.1133519e+03	8.8582206e-01
1.1183898e+03	8.1937850e-01
1.1234276e+03	1.0786883e+00
1.1284653e+03	1.5911611e+00
1.1335032e+03	1.9105764e-02
1.1385409e+03	-4.0966389e-01
1.1435787e+03	1.8279048e+00
1.1486165e+03	1.7878586e+00
1.1536543e+03	1.0985235e+00
1.1586921e+03	1.3282769e+00
1.1637299e+03	9.0238982e-01
1.1687677e+03	6.5754843e-01
1.1738054e+03	6.8577898e-01
1.1788433e+03	1.9809660e-01
1.1838811e+03	1.3462298e-01
1.1889188e+03	1.0106851e-01
1.1939567e+03	-1.2410840e-01
1.1989944e+03	-5.8063988e-02
1.2040322e+03	-2.6268635e-02
1.2090701e+03	1.2482895e-02
1.2141078e+03	3.5791528e-01
1.2191456e+03	2.9954898e-01
1.2241833e+03	6.1950392e-01
1.2292212e+03	9.0027922e-01
1.2342590e+03	1.0904520e+00
1.2392968e+03	1.4320892e+00
1.2443346e+03	1.6395468e+00
1.2493723e+03	1.8599743e+00
1.2544102e+03	2.2120245e+00
1.2594479e+03	2.2677219e+00
1.2644857e+03	2.5033915e+00
1.2695236e+03	2.6497164e+00
1.2745613e+03	2.7014506e+00
1.2795991e+03	2.8736756e+00
1.2846368e+03	2.8744957e+00
1.2896747e+03	2.9158888e+00
1.2947125e+03	3.0860417e+00
1.2997502e+03	3.0786047e+00
1.3047881e+03	3.1091621e+00
1.3098258e+03	3.1822090e+00
1.3148636e+03	3.1296091e+00
1.3199015e+03	3.2630951e+00
1.3249392e+03	3.3671920e+00
1.3299771e+03	3.4375017e+00
1.3350148e+03	3.5833797e+00
1.3400526e+03	3.6543496e+00
1.3450903e+03	3.7244346e+00
1.3501282e+03	3.9068918e+00
1.3551660e+03	3.9557469e+00
1.3602037e+03	4.1415172e+00
1.3652416e+03	4.3430352e+00
1.3702793e+03	4.2511311e+00
1.3753171e+03	4.6321511e+00
1.3803550e+03	4.6837497e+00
1.3853927e+03	5.0053687e+00
1.3904305e+03	4.9887571e+00
1.3954683e+03	5.1446557e+00
1.4005061e+03	5.3106894e+00
1.4055439e+03	5.4241772e+00
1.4105817e+03	5.5961013e+00
1.4156195e+03	5.7189345e+00
1.4206572e+03	5.9081225e+00
1.4256951e+03	6.0661106e+00
1.4307329e+03	6.2038431e+00
1.4357706e+03	6.3905272e+00
1.4408085e+03	6.5073261e+00
1.4458462e+03	6.7400913e+00
1.4508840e+03	6.9515810e+00
1.4559218e+03	7.1644306e+00
1.4609596e+03	7.4013033e+00
1.4659974e+03	7.6418719e+00
1.4710352e+03	7.8333158e+00
1.4760730e+03	8.0959196e+00
1.4811107e+03	8.3489590e+00
1.4861486e+03	8.5365143e+00
1.4911864e+03	8.7964134e+00
1.4962241e+03	9.0643263e+00
1.5012620e+03	9.2989731e+00
1.5062997e+03	9.5392723e+00
1.5113375e+03	9.7770071e+00
1.5163754e+03	1.0039062e+01
1.5214131e+03	1.0317106e+01
1.5264509e+03	1.0589886e+01
1.5314886e+03	1.0856903e+01
1.5365265e+03	1.1186066e+01
1.5415642e+03	1.1479793e+01
1.5466021e+03	1.1806017e+01
1.5516399e+03	1.2131495e+01
1.5566776e+03	1.2498318e+01
1.5617155e+03	1.2922971e+01
1.5667532e+03	1.3314137e+01
1.5717910e+03	1.3724764e+01
1.5768289e+03	1.4182654e+01
1.5818666e+03	1.4667137e+01
1.5869044e+03	1.5214792e+01
1.5919421e+03	1.5765051e+01
1.5969800e+03	1.6369556e+01
1.6020178e+03	1.7032627e+01
1.6070555e+03	1.7726486e+01
1.6120934e+03	1.8478661e+01
1.6171311e+03	1.9314362e+01
1.6221689e+03	2.0240778e+01
1.6272068e+03	2.1275061e+01
1.6322445e+03	2.2440842e+01
1.6372823e+03	2.3807083e+01
1.6423201e+03	2.5430960e+01
1.6473579e+03	2.7427706e+01
1.6523956e+03	3.0026741e+01
1.6574335e+03	3.3799503e+01
1.6624713e+03	4.0703804e+01
1.6675090e+03	5.4693035e+01
1.6725469e+03	3.7712807e+01
1.6775846e+03	3.2363400e+01
1.6826224e+03	2.9038397e+01
1.6876603e+03	2.6637081e+01
1.6926980e+03	2.4748844e+01
1.6977358e+03	2.3193186e+01
1.7027736e+03	2.1876287e+01
1.7078114e+03	2.0723087e+01
1.7128492e+03	1.9697691e+01
1.7178870e+03	1.8786819e+01
1.7229248e+03	1.7960369e+01
1.7279625e+03	1.7196392e+01
1.7330004e+03	1.6494867e+01
1.7380381e+03	1.5842917e+01
1.7430759e+03	1.5242843e+01
1.7481138e+03	1.4703168e+01
1.7531515e+03	1.4174183e+01
1.7581893e+03	1.3652930e+01
1.7632271e+03	1.3158801e+01
1.7682649e+03	1.2686717e+01
1.7733027e+03	1.2239063e+01
1.7783405e+03	1.1830320e+01
1.7833783e+03	1.1422316e+01
1.7884160e+03	1.1060742e+01
1.7934539e+03	1.0690350e+01
1.7984917e+03	1.0310756e+01
1.8035294e+03	9.9965839e+00
1.8085673e+03	9.6592493e+00
1.8136050e+03	9.3267784e+00
1.8186428e+03	9.0343084e+00
1.8236807e+03	8.7356071e+00
1.8287184e+03	8.4136038e+00
1.8337562e+03	8.1208363e+00
1.8387939e+03	7.8351374e+00
1.8438318e+03	7.5718851e+00
1.8488695e+03	7.2526226e+00
1.8539073e+03	6.9626541e+00
1.8589452e+03	6.7863436e+00
1.8639829e+03	6.5686126e+00
1.8690208e+03	6.3076992e+00
1.8740585e+03	6.1018076e+00
1.8790963e+03	5.8713708e+00
1.8841342e+03	5.7227159e+00
1.8891719e+03	5.4347820e+00
1.8942097e+03	5.2797904e+00
1.8992474e+03	5.1202364e+00
1.9042853e+03	4.8903623e+00
1.9093231e+03	4.7548537e+00
1.9143608e+03	4.5636425e+00
1.9193987e+03	4.3837433e+00
1.9244364e+03	4.2126641e+00
1.9294742e+03	3.9451284e+00
1.9345120e+03	3.8860648e+00
1.9395498e+03	3.6817017e+00
1.9445876e+03	3.5062723e+00
1.9496254e+03	3.3784688e+00
1.9546632e+03	3.2047100e+00
1.9597009e+03	2.9693081e+00
1.9647388e+03	2.7616973e+00
1.9697766e+03	2.6435168e+00
1.9748143e+03	2.4775465e+00
1.9798522e+03	2.2276161e+00
1.9848899e+03	2.1298819e+00
1.9899277e+03	2.0553923e+00
1.9949656e+03	1.8014542e+00
2.0000033e+03	1.6969606e+00
2.0050411e+03	1.5463585e+00
2.0100789e+03	1.4883535e+00
2.0151167e+03	1.3780880e+00
2.0201545e+03	1.1765734e+00
2.0251923e+03	1.1382405e+00
2.0302301e+03	8.5812753e-01
2.0352678e+03	7.2250289e-01
2.0403057e+03	5.6932867e-01
2.0453434e+03	4.0262929e-01
2.0503813e+03	2.8831229e-01
2.0554189e+03	7.7791579e-02
2.0604568e+03	-3.1286117e-02
2.0654946e+03	-1.6899949e-01
2.0705325e+03	-4.1606456e-01
2.0755703e+03	-3.7959516e-01
2.0806079e+03	-4.3383986e-01
2.0856458e+03	-6.8625480e-01
2.0906836e+03	-7.3444545e-01
2.0957214e+03	-9.7952098e-01
2.1007590e+03	-9.7425735e-01
2.1057969e+03	-1.2375095e+00
2.1108347e+03	-1.3175989e+00
2.1158726e+03	-1.3432431e+00
2.1209104e+03	-1.2817658e+00
2.1259480e+03	-1.6971256e+00
2.1309858e+03	-1.6602526e+00
2.1360237e+03	-1.6162003e+00
2.1410615e+03	-1.4903172e+00
2.1460994e+03	-1.7477554e+00
2.1511370e+03	-1.8353904e+00
2.1561748e+03	-1.8958682e+00
2.1612126e+03	-1.7062248e+00
2.1662505e+03	-1.9831281e+00
2.1712883e+03	-2.3087659e+00
2.1763259e+03	-2.1361985e+00
2.1813638e+03	-2.3267550e+00
2.1864016e+03	-2.5581458e+00
2.1914395e+03	-2.8663368e+00
2.1964773e+03	-2.9324174e+00
2.2015149e+03	-2.8038659e+00
2.2065527e+03	-3.1118290e+00
2.2115906e+03	-3.1697032e+00
2.2166284e+03	-3.3045433e+00
2.2216663e+03	-3.3124764e+00
2.2267039e+03	-3.5910482e+00
2.2317417e+03	-3.7599447e+00
2.2367795e+03	-3.7796500e+00
2.2418174e+03	-3.8667300e+00
2.2468552e+03	-4.0597954e+00
2.2518928e+03	-4.4868612e+00
2.2569307e+03	-4.4676008e+00
2.2619685e+03	-4.3469748e+00
2.2670063e+03	-5.0090423e+00
2.2720442e+03	-4.4215360e+00
2.2770818e+03	-4.7177868e+00
2.2821196e+03	-4.4190612e+00
2.2871575e+03	-4.7124701e+00
2.2921953e+03	-4.7119837e+00
2.2972329e+03	-4.7667046e+00
2.3022708e+03	-4.6729927e+00
2.3073086e+03	-4.7093253e+00
2.3123464e+03	-5.0232735e+00
2.3173843e+03	-4.8215313e+00
2.3224219e+03	-4.9762363e+00
2.3274597e+03	-5.1307721e+00
2.3324976e+03	-5.3478298e+00
2.3375354e+03	-5.1613631e+00
2.3425732e+03	-5.0218964e+00
2.3476108e+03	-5.3107514e+00
2.3526487e+03	-5.2902179e+00
2.3576865e+03	-5.2364082e+00
2.3627244e+03	-5.2735572e+00
2.3677622e+03	-5.5757418e+00
2.3727998e+03	-5.5253019e+00
2.3778376e+03	-5.3197956e+00
2.3828755e+03	-5.6042023e+00
2.3879133e+03	-5.9686980e+00
2.3929512e+03	-5.7986016e+00
2.3979888e+03	-6.4953160e+00
2.4030266e+03	-6.7554002e+00
2.4080645e+03	-6.9648628e+00
2.4131023e+03	-6.8585343e+00
2.4181401e+03	-7.1254497e+00
2.4231777e+03	-7.3611941e+00
2.4282156e+03	-7.2221742e+00
2.4332534e+03	-7.6176338e+00
2.4382913e+03	-7.7024994e+00
2.4433291e+03	-7.5996456e+00
2.4483667e+03	-7.5044775e+00
2.4534045e+03	-7.4268675e+00
2.4584424e+03	-7.9787807e+00
2.4634802e+03	-8.2308102e+00
2.4685181e+03	-7.7956533e+00
2.4735557e+03	-8.1484842e+00
2.4785935e+03	-8.0159826e+00
2.4836313e+03	-7.4734974e+00
2.4886692e+03	-7.5528331e+00
2.4937068e+03	-7.7245140e+00
2.4987446e+03	-6.8070560e+00
2.5037825e+03	-5.1612778e+00
2.5088203e+03	-6.7639279e+00
2.5138582e+03	-6.3801341e+00
2.5188958e+03	-6.5665560e+00
2.5239336e+03	-6.5263100e+00
2.5289714e+03	-6.8666925e+00
2.5340093e+03	-7.0151978e+00
2.5390471e+03	-6.8955207e+00
2.5440847e+03	-7.4521174e+00
2.5491226e+03	-7.1710787e+00
2.5541604e+03	-7.5750852e+00
2.5591982e+03	-7.7157841e+00
2.5642361e+03	-7.7044854e+00
2.5692737e+03	-8.1501293e+00
2.5743115e+03	-8.1821556e+00
2.5793494e+03	-7.9674907e+00
2.5843872e+03	-8.4184647e+00
2.5894250e+03	-8.4104080e+00
2.5944626e+03	-8.9311895e+00
2.5995005e+03	-8.8908558e+00
2.6045383e+03	-9.1692486e+00
2.6095762e+03	-9.5393381e+00
2.6146140e+03	-9.6324043e+00
2.6196516e+03	-9.6020155e+00
2.6246895e+03	-9.5362787e+00
2.6297273e+03	-9.6542492e+00
2.6347651e+03	-1.0017235e+01
2.6398030e+03	-1.0218871e+01
2.6448406e+03	-9.3954754e+00
2.6498784e+03	-9.6284437e+00
2.6549163e+03	-9.7185307e+00
2.6599541e+03	-9.0032911e+00
2.6649919e+03	-9.7854300e+00
2.6700295e+03	-9.7226915e+00
2.6750674e+03	-1.0097616e+01
2.6801052e+03	-1.0423869e+01
2.6851431e+03	-9.8985577e+00
2.6901807e+03	-9.3764143e+00
2.6952185e+03	-1.0109078e+01
2.7002563e+03	-9.6292114e+00
2.7052942e+03	-1.0125373e+01
2.7103320e+03	-9.3900824e+00
2.7153696e+03	-1.0234706e+01
2.7204075e+03	-9.1929302e+00
2.7254453e+03	-9.1449976e+00
2.7304832e+03	-8.8288517e+00
2.7355210e+03	-9.5782118e+00
2.7405586e+03	-9.7426167e+00
2.7455964e+03	-9.8178530e+00
2.7506343e+03	-9.5835314e+00
2.7556721e+03	-1.0794606e+01
2.7607100e+03	-1.0573966e+01
2.7657476e+03	-1.0565825e+01
2.7707854e+03	-1.0567115e+01
2.7758232e+03	-1.1088667e+01
2.7808611e+03	-1.1087265e+01
2.7858989e+03	-1.0757860e+01
2.7909365e+03	-1.1663377e+01
2.7959744e+03	-1.1769109e+01
2.8010122e+03	-1.0042168e+01
2.8060500e+03	-1.1387452e+01
2.8110879e+03	-1.2743235e+01
2.8161255e+03	-1.2383565e+01
2.8211633e+03	-1.1916796e+01
2.8262012e+03	-1.3048086e+01
2.8312390e+03	-1.2678647e+01
2.8362769e+03	-1.2046345e+01
2.8413145e+03	-1.1691639e+01
2.8463523e+03	-1.1555676e+01
2.8513901e+03	-1.1884175e+01
2.8564280e+03	-1.0974646e+01
2.8614658e+03	-1.1147258e+01
2.8665034e+03	-1.0695970e+01
2.8715413e+03	-9.7627287e+00
2.8765791e+03	-9.7973623e+00
2.8816169e+03	-1.0358782e+01
2.8866545e+03	-1.0943816e+01
2.8916924e+03	-1.0506385e+01
2.8967302e+03	-1.0314167e+01
2.9017681e+03	-1.1241110e+01
2.9068059e+03	-1.1708036e+01
2.9118435e+03	-1.1189475e+01
2.9168813e+03	-1.1363935e+01
2.9219192e+03	-1.1417099e+01
2.9269570e+03	-1.1537098e+01
2.9319949e+03	-1.1059834e+01
2.9370325e+03	-1.1760171e+01
2.9420703e+03	-1.1318178e+01
2.9471082e+03	-1.1171708e+01
2.9521460e+03	-1.1716137e+01
2.9571838e+03	-1.1526739e+01
2.9622214e+03	-1.1402104e+01
2.9672593e+03	-1.3711198e+01
2.9722971e+03	-1.3384169e+01
2.9773350e+03	-1.2532367e+01
2.9823728e+03	-1.3328703e+01
2.9874104e+03	-1.4071788e+01
2.9924482e+03	-1.2480965e+01
2.9974861e+03	-1.2807363e+01
3.0025239e+03	-1.2941896e+01
3.0075618e+03	-1.2426264e+01
3.0125994e+03	-1.1960023e+01
3.0176372e+03	-1.1591225e+01
3.0226750e+03	-1.2456745e+01
3.0277129e+03	-1.3237254e+01
3.0327507e+03	-1.2444536e+01
3.0377883e+03	-1.2863643e+01
3.0428262e+03	-1.3296391e+01
3.0478640e+03	-1.3881341e+01
3.0529019e+03	-1.2922036e+01
3.0579397e+03	-1.3097988e+01
3.0629773e+03	-1.2779132e+01
3.0680151e+03	-1.2404932e+01
3.0730530e+03	-1.1202897e+01
3.0780908e+03	-1.1861251e+01
3.0831284e+03	-1.1992658e+01
3.0881663e+03	-1.1641641e+01
3.0932041e+03	-1.1840406e+01
3.0982419e+03	-1.2419224e+01
3.1032798e+03	-1.2689442e+01
3.1083174e+03	-1.2725042e+01
3.1133552e+03	-1.2887673e+01
3.1183931e+03	-1.3892247e+01
3.1234309e+03	-1.3396492e+01
3.1284688e+03	-1.3246280e+01
3.1335063e+03	-1.3118142e+01
3.1385442e+03	-1.3931548e+01
3.1435820e+03	-1.3275666e+01
3.1486199e+03	-1.3220428e+01
3.1536577e+03	-1.3419544e+01
3.1586953e+03	-1.3919590e+01
3.1637332e+03	-1.2998384e+01
3.1687710e+03	-1.4801043e+01
3.1738088e+03	-1.4600473e+01
3.1788467e+03	-1.4309767e+01
3.1838843e+03	-1.4469172e+01
3.1889221e+03	-1.4908913e+01
3.1939600e+03	-1.4647378e+01
3.1989978e+03	-1.3136004e+01
3.2040356e+03	-1.3900275e+01
3.2090732e+03	-1.4206823e+01
3.2141111e+03	-1.2879096e+01
3.2191489e+03	-1.2758798e+01
3.2241868e+03	-1.3581426e+01
3.2292246e+03	-1.2599714e+01
3.2342622e+03	-1.2552477e+01
3.2393000e+03	-1.3344152e+01
3.2443379e+03	-1.3030355e+01
3.2493757e+03	-1.2605956e+01
3.2544136e+03	-1.2355329e+01
3.2594512e+03	-1.3710263e+01
3.2644890e+03	-1.2935720e+01
3.2695269e+03	-1.2615317e+01
3.2745647e+03	-1.2239195e+01
3.2796023e+03	-1.2231997e+01
3.2846401e+03	-1.2511016e+01
3.2896780e+03	-1.1073331e+01
3.2947158e+03	-1.0790763e+01
3.2997537e+03	-1.0491276e+01
3.3047913e+03	-9.4574032e+00
3.3098291e+03	-8.3512640e+00
3.3148669e+03	-6.6429501e+00
3.3199048e+03	-4.8182530e+00
3.3249426e+03	-1.4116719e+00
3.3299802e+03	5.9035206e+00
3.3350181e+03	1.2527560e+01
3.3400559e+03	-1.8027188e-01
3.3450938e+03	-5.2051992e+00
3.3501316e+03	-8.8069038e+00
3.3551692e+03	-1.0428433e+01
3.3602070e+03	-1.1846277e+01
3.3652449e+03	-1.3767244e+01
3.3702827e+03	-1.3630485e+01
3.3753206e+03	-1.4423712e+01
3.3803582e+03	-1.5335967e+01
3.3853960e+03	-1.5017727e+01
3.3904338e+03	-1.6334288e+01
3.3954717e+03	-1.6032881e+01
3.4005095e+03	-1.6938313e+01
3.4055471e+03	-1.6945185e+01
3.4105850e+03	-1.5884518e+01
3.4156228e+03	-1.6357077e+01
3.4206606e+03	-1.5418723e+01
3.4256985e+03	-1.5314743e+01
3.4307361e+03	-1.5536486e+01
3.4357739e+03	-1.4758209e+01
3.4408118e+03	-1.6000326e+01
3.4458496e+03	-1.4874880e+01
3.4508875e+03	-1.5264823e+01
3.4559250e+03	-1.5181964e+01
3.4609629e+03	-1.5966557e+01
3.4660007e+03	-1.6244896e+01
3.4710386e+03	-1.6118847e+01
3.4760762e+03	-1.7532978e+01
3.4811140e+03	-1.6219763e+01
3.4861519e+03	-1.6863935e+01
3.4911897e+03	-1.5899506e+01
3.4962275e+03	-1.9181936e+01
3.5012651e+03	-1.5417953e+01
3.5063030e+03	-1.6589285e+01
3.5113408e+03	-1.7664089e+01
3.5163787e+03	-1.6220531e+01
3.5214165e+03	-1.6678219e+01
3.5264541e+03	-1.6861128e+01
3.5314919e+03	-1.8435894e+01
3.5365298e+03	-1.8012495e+01
3.5415676e+03	-1.8150240e+01
3.5466055e+03	-1.7750027e+01
3.5516431e+03	-1.8080229e+01
3.5566809e+03	-1.6874090e+01
3.5617188e+03	-1.6768929e+01
3.5667566e+03	-1.7473797e+01
3.5717944e+03	-1.7378796e+01
3.5768320e+03	-1.7715719e+01
3.5818699e+03	-1.6856596e+01
3.5869077e+03	-1.6285715e+01
3.5919456e+03	-1.7231735e+01
3.5969834e+03	-1.7349995e+01
3.6020210e+03	-1.8326208e+01
3.6070588e+03	-1.7174410e+01
3.6120967e+03	-2.0196348e+01
3.6171345e+03	-1.8599783e+01
3.6221724e+03	-1.7835239e+01
3.6272100e+03	-1.8414518e+01
3.6322478e+03	-1.7605556e+01
3.6372856e+03	-1.7484324e+01
3.6423235e+03	-1.6420971e+01
3.6473613e+03	-1.7444712e+01
3.6523989e+03	-1.7756851e+01
3.6574368e+03	-1.6755331e+01
3.6624746e+03	-1.7271860e+01
3.6675125e+03	-1.7712923e+01
3.6725500e+03	-1.8125837e+01
3.6775879e+03	-1.6590174e+01
3.6826257e+03	-1.7987421e+01
3.6876636e+03	-1.8573296e+01
3.6927014e+03	-1.8290144e+01
3.6977390e+03	-1.8814522e+01
3.7027769e+03	-1.9113495e+01
3.7078147e+03	-1.7330786e+01
3.7128525e+03	-1.8387831e+01
3.7178904e+03	-1.7188438e+01
3.7229280e+03	-1.8215719e+01
3.7279658e+03	-1.8182142e+01
3.7330037e+03	-1.7944715e+01
3.7380415e+03	-1.8187340e+01
3.7430793e+03	-1.8156616e+01
3.7481169e+03	-1.9459743e+01
3.7531548e+03	-1.9672091e+01
3.7581926e+03	-1.8331158e+01
3.7632305e+03	-1.8599527e+01
3.7682683e+03	-2.0476677e+01
3.7733059e+03	-1.8302675e+01
3.7783438e+03	-1.9313427e+01
3.7833816e+03	-1.5418144e+01
3.7884194e+03	-1.9425320e+01
3.7934573e+03	-1.7690611e+01
3.7984949e+03	-1.7242376e+01
3.8035327e+03	-1.8454323e+01
3.8085706e+03	-1.8262838e+01
3.8136084e+03	-1.8772631e+01
3.8186462e+03	-1.8750319e+01
3.8236838e+03	-1.8267336e+01
3.8287217e+03	-1.8913454e+01
3.8337595e+03	-1.9762171e+01
3.8387974e+03	-1.8784727e+01
3.8438352e+03	-2.0101748e+01
3.8488728e+03	-1.9576363e+01
3.8539106e+03	-1.8862293e+01
3.8589485e+03	-1.9099514e+01
3.8639863e+03	-1.8855709e+01
3.8690239e+03	-1.9307524e+01
3.8740618e+03	-1.8614096e+01
3.8790996e+03	-1.7983593e+01
3.8841375e+03	-1.9503811e+01
3.8891753e+03	-2.0039377e+01
3.8942129e+03	-1.8904612e+01
3.8992507e+03	-1.8825876e+01
3.9042886e+03	-1.9595858e+01
3.9093264e+03	-1.9632893e+01
3.9143643e+03	-2.0343075e+01
3.9194019e+03	-1.7899036e+01
3.9244397e+03	-1.9549599e+01
3.9294775e+03	-2.1148781e+01
3.9345154e+03	-1.4299661e+01
3.9395532e+03	-2.1582300e+01
3.9445908e+03	-1.8772053e+01
3.9496287e+03	-2.1293100e+01
3.9546665e+03	-1.8625204e+01
3.9597043e+03	-2.0742922e+01
3.9647422e+03	-1.9831163e+01
3.9697798e+03	-1.9848677e+01
3.9748176e+03	-2.1981688e+01
3.9798555e+03	-1.9044987e+01
3.9848933e+03	-2.0408268e+01
3.9899312e+03	-2.1055323e+01
3.9949688e+03	-1.9001659e+01
4.0000066e+03	-1.9591202e+01
4.0050444e+03	-1.8655510e+01
4.0100823e+03	-1.8132093e+01
4.0151201e+03	-2.0093180e+01
4.0201577e+03	-1.9330143e+01
4.0251956e+03	-1.7881996e+01
4.0302334e+03	-1.8403681e+01
4.0352712e+03	-1.8985266e+01
4.0403091e+03	-1.9352665e+01
4.0453467e+03	-1.9602133e+01
4.0503845e+03	-1.9492477e+01
4.0554224e+03	-1.9686434e+01
4.0604602e+03	-1.9958689e+01
4.0654980e+03	-1.9377062e+01
4.0705356e+03	-1.9908365e+01
4.0755735e+03	-1.9113361e+01
4.0806113e+03	-2.0626154e+01
4.0856492e+03	-1.9802879e+01
4.0906868e+03	-1.9922272e+01
4.0957246e+03	-2.1929573e+01
4.1007627e+03	-2.1258831e+01
4.1058003e+03	-2.3055840e+01
4.1108379e+03	-2.2577923e+01
4.1158760e+03	-2.2649313e+01
4.1209136e+03	-2.3730368e+01
4.1259517e+03	-2.2031948e+01
4.1309893e+03	-2.2730244e+01
4.1360269e+03	-2.2914898e+01
4.1410649e+03	-2.4231264e+01
4.1461025e+03	-2.5127180e+01
4.1511406e+03	-2.8470961e+01
4.1561782e+03	-2.9452915e+01
4.1612158e+03	-1.7951988e+01
4.1662539e+03	-2.0135183e+01
4.1712915e+03	-9.8449421e+00
4.1763291e+03	-1.6517653e+01
4.1813672e+03	-1.8467997e+01
4.1864048e+03	-1.8804756e+01
4.1914429e+03	-1.8337738e+01
4.1964805e+03	-1.8905760e+01
4.2015181e+03	-1.8413370e+01
4.2065562e+03	-1.7685400e+01
4.2115938e+03	-1.7349619e+01
4.2166318e+03	-1.8323284e+01
4.2216694e+03	-1.7195436e+01
4.2267070e+03	-1.7937368e+01
4.2317451e+03	-1.7304996e+01
4.2367827e+03	-1.7892832e+01
4.2418208e+03	-1.8981052e+01
4.2468584e+03	-1.9809164e+01
4.2518960e+03	-1.9711794e+01
4.2569341e+03	-1.9215403e+01
4.2619717e+03	-2.1158262e+01
4.2670098e+03	-2.0312300e+01
4.2720474e+03	-2.1110870e+01
4.2770850e+03	-2.1067074e+01
4.2821230e+03	-2.0480558e+01
4.2871606e+03	-2.0963123e+01
4.2921987e+03	-2.0978256e+01
4.2972363e+03	-2.1163324e+01
4.3022739e+03	-2.0636820e+01
4.3073120e+03	-2.1002419e+01
4.3123496e+03	-2.0976704e+01
4.3173877e+03	-2.1105526e+01
4.3224253e+03	-2.1337025e+01
4.3274629e+03	-2.1225883e+01
4.3325010e+03	-2.0343592e+01
4.3375386e+03	-2.0741226e+01
4.3425767e+03	-2.0382601e+01
4.3476143e+03	-2.0720160e+01
4.3526519e+03	-1.9883787e+01
4.3576899e+03	-1.8910902e+01
4.3627275e+03	-1.9498104e+01
4.3677656e+03	-1.8205986e+01
4.3728032e+03	-1.9179716e+01
4.3778408e+03	-1.9153774e+01
4.3828789e+03	-1.7832344e+01
4.3879165e+03	-2.0102114e+01
4.3929546e+03	-1.9628309e+01
4.3979922e+03	-2.0610544e+01
4.4030298e+03	-2.0418180e+01
4.4080679e+03	-1.9652563e+01
4.4131055e+03	-1.8458048e+01
4.4181436e+03	-2.0483521e+01
4.4231812e+03	-1.9150810e+01
4.4282188e+03	-1.9173923e+01
4.4332568e+03	-1.8861282e+01
4.4382944e+03	-1.9513845e+01
4.4433325e+03	-1.9215883e+01
4.4483701e+03	-1.8821974e+01
4.4534077e+03	-1.9606924e+01
4.4584458e+03	-2.0165894e+01
4.4634834e+03	-2.0904900e+01
4.4685215e+03	-2.0818468e+01
4.4735591e+03	-2.0956194e+01
4.4785967e+03	-2.1462315e+01
4.4836348e+03	-2.1601227e+01
4.4886724e+03	-2.1196672e+01
4.4937104e+03	-2.1808634e+01
4.4987480e+03	-2.1198200e+01
4.5037856e+03	-2.0445002e+01
4.5088237e+03	-2.0251751e+01
4.5138613e+03	-2.0220015e+01
4.5188994e+03	-1.9610762e+01
4.5239370e+03	-2.0628933e+01
4.5289746e+03	-2.0798998e+01
4.5340127e+03	-2.0117010e+01
4.5390503e+03	-2.0091480e+01
4.5440884e+03	-1.9967625e+01
4.5491260e+03	-1.9971489e+01
4.5541636e+03	-2.0734022e+01
4.5592017e+03	-1.9114073e+01
4.5642393e+03	-1.8406614e+01
4.5692769e+03	-1.8327160e+01
4.5743149e+03	-1.8278379e+01
4.5793525e+03	-1.8127665e+01
4.5843906e+03	-1.7551287e+01
4.5894282e+03	-1.7819149e+01
4.5944658e+03	-1.8843998e+01
4.5995039e+03	-1.8387720e+01
4.6045415e+03	-1.7958416e+01
4.6095796e+03	-1.8421177e+01
4.6146172e+03	-1.9053015e+01
4.6196548e+03	-1.9261147e+01
4.6246929e+03	-1.9747944e+01
4.6297305e+03	-1.9469593e+01
4.6347686e+03	-2.0042189e+01
4.6398062e+03	-2.0685539e+01
4.6448438e+03	-2.0442507e+01
4.6498818e+03	-2.0538208e+01
4.6549194e+03	-2.1007959e+01
4.6599575e+03	-2.0318228e+01
4.6649951e+03	-1.9337795e+01
4.6700327e+03	-2.0414095e+01
4.6750708e+03	-2.1200575e+01
4.6801084e+03	-2.1064974e+01
4.6851465e+03	-2.0110115e+01
4.6901841e+03	-1.9434332e+01
4.6952217e+03	-1.9803371e+01
4.7002598e+03	-1.9739065e+01
4.7052974e+03	-1.8999666e+01
4.7103354e+03	-1.8411160e+01
4.7153730e+03	-1.7763334e+01
4.7204106e+03	-1.6775331e+01
4.7254487e+03	-1.7397486e+01
4.7304863e+03	-1.6746241e+01
4.7355244e+03	-1.6638868e+01
4.7405620e+03	-1.6296705e+01
4.7455996e+03	-1.6297297e+01
4.7506377e+03	-1.6419210e+01
4.7556753e+03	-1.6664301e+01
4.7607134e+03	-1.6269577e+01
4.7657510e+03	-1.6329414e+01
4.7707886e+03	-1.5864964e+01
4.7758267e+03	-1.5581710e+01
4.7808643e+03	-1.5999964e+01
4.7859023e+03	-1.5593193e+01
4.7909399e+03	-1.5537996e+01
4.7959775e+03	-1.5234614e+01
4.8010156e+03	-1.4998363e+01
4.8060532e+03	-1.5245114e+01
4.8110913e+03	-1.5212354e+01
4.8161289e+03	-1.5294284e+01
4.8211665e+03	-1.5322789e+01
4.8262046e+03	-1.5485961e+01
4.8312422e+03	-1.6028925e+01
4.8362803e+03	-1.5077023e+01
4.8413179e+03	-1.5031713e+01
4.8463555e+03	-1.4166830e+01
4.8513936e+03	-1.4376739e+01
4.8564312e+03	-1.4061502e+01
4.8614692e+03	-1.3536770e+01
4.8665068e+03	-1.3210735e+01
4.8715444e+03	-1.2719123e+01
4.8765825e+03	-1.2146176e+01
4.8816201e+03	-1.2118340e+01
4.8866582e+03	-1.1406988e+01
4.8916958e+03	-1.1161517e+01
4.8967334e+03	-1.0741505e+01
4.9017715e+03	-1.0281100e+01
4.9068091e+03	-9.7597141e+00
4.9118472e+03	-9.3335924e+00
4.9168848e+03	-8.3158722e+00
4.9219224e+03	-7.6803694e+00
4.9269604e+03	-7.5212240e+00
4.9319980e+03	-6.9738441e+00
4.9370361e+03	-6.1772442e+00
4.9420737e+03	-5.5984530e+00
4.9471113e+03	-4.7600956e+00
4.9521494e+03	-4.0379844e+00
4.9571870e+03	-3.0907187e+00
4.9622246e+03	-2.1045375e+00
4.9672627e+03	-8.8939530e-01
4.9723003e+03	5.0393456e-01
4.9773384e+03	2.2522464e+00
4.9823760e+03	4.3596706e+00
4.9874136e+03	7.2329440e+00
4.9924517e+03	1.1681530e+01
4.9974893e+03	2.1234261e+01
)
