(title "Spectral Analysis of Pressure at receiver-2")
(labels "Frequency (Hz)" "Sound Pressure Level (dB)")

((xy/key/label "Pressure")
1.0204087e+01	1.1570649e+02
2.0408175e+01	1.0824052e+02
3.0612263e+01	9.6849670e+01
4.0816349e+01	1.1254699e+02
5.1020435e+01	1.0634069e+02
6.1224525e+01	1.1571049e+02
7.1428612e+01	9.9639854e+01
8.1632698e+01	1.0427416e+02
9.1836784e+01	1.0301974e+02
1.0204087e+02	1.0825147e+02
1.1224496e+02	1.0511501e+02
1.2244905e+02	9.3481300e+01
1.3265314e+02	1.0772714e+02
1.4285722e+02	1.0254974e+02
1.5306131e+02	1.0040260e+02
1.6326540e+02	9.3590057e+01
1.7346948e+02	1.0676518e+02
1.8367357e+02	1.0100811e+02
1.9387766e+02	1.0641188e+02
2.0408174e+02	8.4399857e+01
2.1428583e+02	1.0043581e+02
2.2448991e+02	9.0079628e+01
2.3469400e+02	9.6291542e+01
2.4489810e+02	1.0193469e+02
2.5510219e+02	9.8156601e+01
2.6530627e+02	9.7779900e+01
2.7551035e+02	9.2058990e+01
2.8571445e+02	9.5177773e+01
2.9591852e+02	9.7494072e+01
3.0612262e+02	9.8350197e+01
3.1632669e+02	9.9481117e+01
3.2653079e+02	9.3322929e+01
3.3673489e+02	8.5053665e+01
3.4693896e+02	9.2630638e+01
3.5714307e+02	8.8537056e+01
3.6734714e+02	9.1746620e+01
3.7755124e+02	8.9435143e+01
3.8775531e+02	9.1774696e+01
3.9795941e+02	9.2399162e+01
4.0816348e+02	8.6524155e+01
4.1836758e+02	8.5557159e+01
4.2857166e+02	8.7292458e+01
4.3877576e+02	9.0570206e+01
4.4897983e+02	8.9315216e+01
4.5918393e+02	8.0518936e+01
4.6938800e+02	8.7960846e+01
4.7959210e+02	8.7678818e+01
4.8979620e+02	8.8562271e+01
5.0000027e+02	8.2675133e+01
5.1020438e+02	8.5590057e+01
5.2040845e+02	8.3260017e+01
5.3061255e+02	8.0954262e+01
5.4081665e+02	8.5095924e+01
5.5102069e+02	8.5059196e+01
5.6122479e+02	8.5051041e+01
5.7142889e+02	7.5253929e+01
5.8163300e+02	8.1013100e+01
5.9183704e+02	8.2423889e+01
6.0204114e+02	8.3882065e+01
6.1224524e+02	8.5360863e+01
6.2244934e+02	8.5809570e+01
6.3265338e+02	8.2256310e+01
6.4285748e+02	8.1671295e+01
6.5306158e+02	8.3067566e+01
6.6326569e+02	8.2427444e+01
6.7346979e+02	8.0544006e+01
6.8367383e+02	8.2746231e+01
6.9387793e+02	8.3294449e+01
7.0408203e+02	7.9999489e+01
7.1428613e+02	7.7146996e+01
7.2449017e+02	8.3208687e+01
7.3469427e+02	7.8074547e+01
7.4489838e+02	8.1131866e+01
7.5510248e+02	7.6351891e+01
7.6530652e+02	8.4406654e+01
7.7551062e+02	7.7289261e+01
7.8571472e+02	7.9233620e+01
7.9591882e+02	7.5450302e+01
8.0612286e+02	8.1870193e+01
8.1632697e+02	8.0829437e+01
8.2653107e+02	7.9551430e+01
8.3673517e+02	7.8103889e+01
8.4693927e+02	7.9420975e+01
8.5714331e+02	7.9407066e+01
8.6734741e+02	7.9215271e+01
8.7755151e+02	7.9858414e+01
8.8775562e+02	7.8684364e+01
8.9795966e+02	8.0760948e+01
9.0816376e+02	7.8901970e+01
9.1836786e+02	7.8684326e+01
9.2857196e+02	7.7426697e+01
9.3877600e+02	8.0364166e+01
9.4898010e+02	8.0105354e+01
9.5918420e+02	7.6232208e+01
9.6938831e+02	7.5588837e+01
9.7959241e+02	7.8714157e+01
9.8979645e+02	7.8476074e+01
1.0000005e+03	7.7767639e+01
1.0102047e+03	7.7764359e+01
1.0204088e+03	7.8715218e+01
1.0306128e+03	7.6398415e+01
1.0408169e+03	7.6572624e+01
1.0510210e+03	7.8088402e+01
1.0612251e+03	7.6945396e+01
1.0714292e+03	7.6347610e+01
1.0816333e+03	7.7109612e+01
1.0918373e+03	7.8069527e+01
1.1020414e+03	7.6722565e+01
1.1122455e+03	7.6144371e+01
1.1224496e+03	7.6521782e+01
1.1326537e+03	7.6525230e+01
1.1428578e+03	7.6231750e+01
1.1530619e+03	7.7082100e+01
1.1632660e+03	7.6734909e+01
1.1734701e+03	7.6820267e+01
1.1836741e+03	7.6062012e+01
1.1938782e+03	7.6891640e+01
1.2040823e+03	7.5080803e+01
1.2142864e+03	7.6087128e+01
1.2244905e+03	7.5778015e+01
1.2346946e+03	7.6849403e+01
1.2448987e+03	7.5642738e+01
1.2551028e+03	7.5854462e+01
1.2653068e+03	7.5787239e+01
1.2755109e+03	7.5860031e+01
1.2857150e+03	7.5310204e+01
1.2959191e+03	7.5235130e+01
1.3061232e+03	7.5558479e+01
1.3163273e+03	7.5144516e+01
1.3265314e+03	7.5414116e+01
1.3367355e+03	7.5056709e+01
1.3469396e+03	7.5535698e+01
1.3571436e+03	7.4552490e+01
1.3673477e+03	7.5020653e+01
1.3775518e+03	7.4715614e+01
1.3877559e+03	7.5223335e+01
1.3979600e+03	7.4840347e+01
1.4081641e+03	7.5069214e+01
1.4183682e+03	7.4488716e+01
1.4285723e+03	7.4758942e+01
1.4387762e+03	7.4576454e+01
1.4489803e+03	7.4343246e+01
1.4591844e+03	7.4692986e+01
1.4693885e+03	7.4462021e+01
1.4795927e+03	7.4515076e+01
1.4897968e+03	7.4238319e+01
1.5000009e+03	7.4413719e+01
1.5102050e+03	7.4552696e+01
1.5204091e+03	7.3884613e+01
1.5306130e+03	7.4283646e+01
1.5408171e+03	7.4390587e+01
1.5510212e+03	7.4127007e+01
1.5612253e+03	7.3881462e+01
1.5714294e+03	7.4022675e+01
1.5816335e+03	7.3462196e+01
1.5918376e+03	7.4119453e+01
1.6020417e+03	7.3574524e+01
1.6122457e+03	7.4196213e+01
1.6224498e+03	7.3469322e+01
1.6326539e+03	7.3272972e+01
1.6428580e+03	7.3467941e+01
1.6530621e+03	7.3938866e+01
1.6632662e+03	7.3955414e+01
1.6734703e+03	7.2917831e+01
1.6836744e+03	7.3232658e+01
1.6938785e+03	7.4024437e+01
1.7040825e+03	7.3607384e+01
1.7142866e+03	7.3075577e+01
1.7244907e+03	7.3597748e+01
1.7346948e+03	7.3118706e+01
1.7448989e+03	7.3026123e+01
1.7551030e+03	7.2977539e+01
1.7653071e+03	7.2853188e+01
1.7755112e+03	7.2794891e+01
1.7857152e+03	7.2367554e+01
1.7959193e+03	7.2271416e+01
1.8061234e+03	7.2740791e+01
1.8163275e+03	7.3394447e+01
1.8265316e+03	7.1670563e+01
1.8367357e+03	7.2982635e+01
1.8469398e+03	7.2052834e+01
1.8571439e+03	7.2366783e+01
1.8673480e+03	7.3174477e+01
1.8775520e+03	7.2814278e+01
1.8877561e+03	7.2114426e+01
1.8979602e+03	7.2345299e+01
1.9081643e+03	7.2627899e+01
1.9183684e+03	7.2816551e+01
1.9285725e+03	7.1840408e+01
1.9387766e+03	7.2634315e+01
1.9489807e+03	7.2560448e+01
1.9591848e+03	7.1943810e+01
1.9693888e+03	7.2463776e+01
1.9795929e+03	7.1533897e+01
1.9897970e+03	7.2276672e+01
2.0000011e+03	7.2082642e+01
2.0102052e+03	7.1922386e+01
2.0204093e+03	7.1747299e+01
2.0306134e+03	7.1223404e+01
2.0408175e+03	7.1848953e+01
2.0510215e+03	7.1438377e+01
2.0612256e+03	7.1050766e+01
2.0714297e+03	7.2860435e+01
2.0816338e+03	7.1936310e+01
2.0918379e+03	7.1652664e+01
2.1020420e+03	7.1357353e+01
2.1122461e+03	7.1630394e+01
2.1224502e+03	7.2100014e+01
2.1326543e+03	7.1954018e+01
2.1428584e+03	7.1504425e+01
2.1530625e+03	7.1603897e+01
2.1632666e+03	7.2082642e+01
2.1734707e+03	7.0990982e+01
2.1836746e+03	7.0928596e+01
2.1938787e+03	7.1585236e+01
2.2040828e+03	7.0829254e+01
2.2142869e+03	7.1045479e+01
2.2244910e+03	7.1986809e+01
2.2346951e+03	7.0149384e+01
2.2448992e+03	7.1377136e+01
2.2551033e+03	6.9884941e+01
2.2653074e+03	7.0411362e+01
2.2755115e+03	6.9119270e+01
2.2857156e+03	7.1858955e+01
2.2959197e+03	7.1357841e+01
2.3061238e+03	7.0695602e+01
2.3163279e+03	7.1230957e+01
2.3265320e+03	7.0842911e+01
2.3367361e+03	7.0778809e+01
2.3469402e+03	7.1050446e+01
2.3571440e+03	7.1218513e+01
2.3673481e+03	7.0461533e+01
2.3775522e+03	7.0451981e+01
2.3877563e+03	7.0257996e+01
2.3979604e+03	7.1891914e+01
2.4081646e+03	7.0967766e+01
2.4183687e+03	6.9553360e+01
2.4285728e+03	7.0915100e+01
2.4387769e+03	7.1310822e+01
2.4489810e+03	7.0181953e+01
2.4591851e+03	7.0462433e+01
2.4693892e+03	7.1013657e+01
2.4795933e+03	7.1249840e+01
2.4897974e+03	7.1014687e+01
2.5000015e+03	6.9578529e+01
2.5102056e+03	7.1309471e+01
2.5204097e+03	6.9775955e+01
2.5306135e+03	7.1131752e+01
2.5408176e+03	7.0695122e+01
2.5510217e+03	7.0562508e+01
2.5612258e+03	7.0055618e+01
2.5714299e+03	7.1290054e+01
2.5816340e+03	7.0278641e+01
2.5918381e+03	7.0319916e+01
2.6020422e+03	6.9684273e+01
2.6122463e+03	7.0056595e+01
2.6224504e+03	7.0962746e+01
2.6326545e+03	6.9238182e+01
2.6428586e+03	6.9365257e+01
2.6530627e+03	6.9381668e+01
2.6632668e+03	7.0612709e+01
2.6734709e+03	6.9388718e+01
2.6836750e+03	6.9590050e+01
2.6938792e+03	6.9351219e+01
2.7040830e+03	6.9497162e+01
2.7142871e+03	6.9174400e+01
2.7244912e+03	7.0054863e+01
2.7346953e+03	6.9593452e+01
2.7448994e+03	6.9333885e+01
2.7551035e+03	7.0358231e+01
2.7653076e+03	7.0835258e+01
2.7755117e+03	7.0070244e+01
2.7857158e+03	6.9482117e+01
2.7959199e+03	6.9931503e+01
2.8061240e+03	7.0898262e+01
2.8163281e+03	6.9730270e+01
2.8265322e+03	7.0323685e+01
2.8367363e+03	6.9727837e+01
2.8469404e+03	6.9208061e+01
2.8571445e+03	6.9613693e+01
2.8673486e+03	6.9225914e+01
2.8775525e+03	6.9087364e+01
2.8877566e+03	6.9213043e+01
2.8979607e+03	6.9775352e+01
2.9081648e+03	6.9978477e+01
2.9183689e+03	6.8116096e+01
2.9285730e+03	6.9500511e+01
2.9387771e+03	6.9260880e+01
2.9489812e+03	6.9611534e+01
2.9591853e+03	6.8958618e+01
2.9693894e+03	6.9967278e+01
2.9795935e+03	6.9169952e+01
2.9897976e+03	6.8967201e+01
3.0000017e+03	6.9455948e+01
3.0102058e+03	6.8797806e+01
3.0204099e+03	6.8258385e+01
3.0306140e+03	6.9512741e+01
3.0408181e+03	6.9248566e+01
3.0510220e+03	6.9725319e+01
3.0612261e+03	6.8580879e+01
3.0714302e+03	6.9193581e+01
3.0816343e+03	6.8355911e+01
3.0918384e+03	6.9775139e+01
3.1020425e+03	6.8765167e+01
3.1122466e+03	6.9097404e+01
3.1224507e+03	6.9452377e+01
3.1326548e+03	6.9420326e+01
3.1428589e+03	6.8525520e+01
3.1530630e+03	6.9451363e+01
3.1632671e+03	6.8131348e+01
3.1734712e+03	6.8881912e+01
3.1836753e+03	6.9682388e+01
3.1938794e+03	6.9406715e+01
3.2040835e+03	6.9444031e+01
3.2142876e+03	6.8516083e+01
3.2244915e+03	6.9024895e+01
3.2346956e+03	6.9259087e+01
3.2448997e+03	6.8834152e+01
3.2551038e+03	6.8549538e+01
3.2653079e+03	6.9132553e+01
3.2755120e+03	6.9001427e+01
3.2857161e+03	6.8211609e+01
3.2959202e+03	6.8850372e+01
3.3061243e+03	6.8934311e+01
3.3163284e+03	6.8611519e+01
3.3265325e+03	6.8431335e+01
3.3367366e+03	6.8129723e+01
3.3469407e+03	6.8784317e+01
3.3571448e+03	6.8459061e+01
3.3673489e+03	6.8842598e+01
3.3775530e+03	6.8731514e+01
3.3877571e+03	6.8280045e+01
3.3979609e+03	6.8675331e+01
3.4081650e+03	6.8534416e+01
3.4183691e+03	6.8560539e+01
3.4285732e+03	6.8406578e+01
3.4387773e+03	6.8656860e+01
3.4489814e+03	6.8640106e+01
3.4591855e+03	6.8544167e+01
3.4693896e+03	6.8483757e+01
3.4795938e+03	6.8550209e+01
3.4897979e+03	6.8506065e+01
3.5000020e+03	6.8444069e+01
3.5102061e+03	6.8509163e+01
3.5204102e+03	6.8600655e+01
3.5306143e+03	6.8199852e+01
3.5408184e+03	6.8196815e+01
3.5510225e+03	6.8606812e+01
3.5612266e+03	6.8523109e+01
3.5714304e+03	6.8225266e+01
3.5816345e+03	6.8544159e+01
3.5918386e+03	6.8365166e+01
3.6020427e+03	6.8107437e+01
3.6122468e+03	6.8069557e+01
3.6224509e+03	6.8041008e+01
3.6326550e+03	6.8112144e+01
3.6428591e+03	6.7509552e+01
3.6530632e+03	6.8291405e+01
3.6632673e+03	6.8202850e+01
3.6734714e+03	6.7872894e+01
3.6836755e+03	6.8271866e+01
3.6938796e+03	6.8220619e+01
3.7040837e+03	6.8059662e+01
3.7142878e+03	6.8146980e+01
3.7244919e+03	6.8449425e+01
3.7346960e+03	6.7776970e+01
3.7448999e+03	6.8046875e+01
3.7551040e+03	6.8123291e+01
3.7653081e+03	6.7840881e+01
3.7755122e+03	6.8221321e+01
3.7857163e+03	6.8480377e+01
3.7959204e+03	6.8371605e+01
3.8061245e+03	6.8326546e+01
3.8163286e+03	6.7870651e+01
3.8265327e+03	6.8035362e+01
3.8367368e+03	6.7871651e+01
3.8469409e+03	6.8015831e+01
3.8571450e+03	6.8067207e+01
3.8673491e+03	6.7804398e+01
3.8775532e+03	6.7758209e+01
3.8877573e+03	6.8010719e+01
3.8979614e+03	6.8176888e+01
3.9081655e+03	6.8096245e+01
3.9183696e+03	6.7757111e+01
3.9285735e+03	6.8115623e+01
3.9387776e+03	6.8126106e+01
3.9489817e+03	6.7403908e+01
3.9591858e+03	6.8466049e+01
3.9693899e+03	6.8485725e+01
3.9795940e+03	6.7075645e+01
3.9897981e+03	6.8161713e+01
4.0000022e+03	6.8106384e+01
4.0102063e+03	6.7971390e+01
4.0204104e+03	6.7654205e+01
4.0306145e+03	6.7817482e+01
4.0408186e+03	6.7522293e+01
4.0510227e+03	6.8557053e+01
4.0612268e+03	6.7946106e+01
4.0714309e+03	6.6774055e+01
4.0816350e+03	6.7574005e+01
4.0918391e+03	6.7093597e+01
4.1020430e+03	6.7439163e+01
4.1122471e+03	6.7568710e+01
4.1224512e+03	6.7820801e+01
4.1326553e+03	6.8220505e+01
4.1428594e+03	6.7920891e+01
4.1530635e+03	6.7937607e+01
4.1632676e+03	6.7114639e+01
4.1734717e+03	6.8213005e+01
4.1836758e+03	6.7912697e+01
4.1938799e+03	6.6633888e+01
4.2040840e+03	6.7978531e+01
4.2142881e+03	6.8112450e+01
4.2244922e+03	6.7553825e+01
4.2346963e+03	6.7255264e+01
4.2449004e+03	6.7846405e+01
4.2551045e+03	6.8224800e+01
4.2653086e+03	6.8164070e+01
4.2755127e+03	6.7947556e+01
4.2857168e+03	6.7776924e+01
4.2959209e+03	6.7450119e+01
4.3061250e+03	6.7044518e+01
4.3163291e+03	6.7619240e+01
4.3265332e+03	6.7098076e+01
4.3367373e+03	6.7806717e+01
4.3469414e+03	6.7219460e+01
4.3571450e+03	6.8024292e+01
4.3673491e+03	6.7981262e+01
4.3775532e+03	6.7859947e+01
4.3877573e+03	6.8076767e+01
4.3979614e+03	6.7357422e+01
4.4081655e+03	6.7814278e+01
4.4183696e+03	6.7721436e+01
4.4285737e+03	6.7920486e+01
4.4387778e+03	6.7448479e+01
4.4489819e+03	6.7299767e+01
4.4591860e+03	6.7793739e+01
4.4693901e+03	6.6680817e+01
4.4795942e+03	6.7697350e+01
4.4897983e+03	6.6990990e+01
4.5000024e+03	6.7739090e+01
4.5102065e+03	6.7866394e+01
4.5204106e+03	6.7125717e+01
4.5306147e+03	6.7602150e+01
4.5408188e+03	6.7786545e+01
4.5510229e+03	6.6964066e+01
4.5612271e+03	6.5395706e+01
4.5714312e+03	6.7689323e+01
4.5816353e+03	6.7530350e+01
4.5918394e+03	6.7204391e+01
4.6020435e+03	6.8371735e+01
4.6122476e+03	6.7925606e+01
4.6224517e+03	6.7519661e+01
4.6326558e+03	6.7366501e+01
4.6428599e+03	6.7365936e+01
4.6530640e+03	6.7461189e+01
4.6632681e+03	6.6933510e+01
4.6734722e+03	6.7757767e+01
4.6836763e+03	6.7402534e+01
4.6938804e+03	6.7405869e+01
4.7040840e+03	6.7585892e+01
4.7142881e+03	6.7794884e+01
4.7244922e+03	6.7410118e+01
4.7346963e+03	6.7563011e+01
4.7449004e+03	6.7863235e+01
4.7551045e+03	6.7271126e+01
4.7653086e+03	6.7494316e+01
4.7755127e+03	6.7135033e+01
4.7857168e+03	6.7804520e+01
4.7959209e+03	6.7187256e+01
4.8061250e+03	6.7400024e+01
4.8163291e+03	6.7531876e+01
4.8265332e+03	6.7317245e+01
4.8367373e+03	6.7465034e+01
4.8469414e+03	6.7547836e+01
4.8571455e+03	6.7361130e+01
4.8673496e+03	6.7211990e+01
4.8775537e+03	6.7330040e+01
4.8877578e+03	6.7603355e+01
4.8979619e+03	6.7111969e+01
4.9081660e+03	6.7353149e+01
4.9183701e+03	6.7389923e+01
4.9285742e+03	6.7490669e+01
4.9387783e+03	6.7890457e+01
4.9489824e+03	6.7600204e+01
4.9591865e+03	6.7631653e+01
4.9693906e+03	6.7538399e+01
4.9795947e+03	6.7113144e+01
4.9897988e+03	6.7018944e+01
5.0000029e+03	6.4649002e+01
)
