(title "Spectral Analysis of Pressure at receiver-1")
(labels "Frequency (Hz)" "Sound Pressure Level (dB)")

((xy/key/label "Pressure")
1.0152278e+01	9.9278801e+01
2.0304556e+01	9.4420616e+01
3.0456833e+01	7.0923218e+01
4.0609112e+01	7.6966179e+01
5.0761391e+01	8.8021263e+01
6.0913666e+01	9.6880135e+01
7.1065948e+01	9.0770508e+01
8.1218224e+01	8.5185555e+01
9.1370499e+01	8.2553535e+01
1.0152278e+02	9.0299721e+01
1.1167506e+02	9.2104614e+01
1.2182733e+02	8.7707527e+01
1.3197961e+02	8.7918541e+01
1.4213190e+02	9.0342567e+01
1.5228416e+02	7.8960960e+01
1.6243645e+02	8.3160889e+01
1.7258873e+02	9.4955994e+01
1.8274100e+02	8.8116280e+01
1.9289328e+02	9.8613876e+01
2.0304556e+02	9.2971924e+01
2.1319783e+02	9.0125900e+01
2.2335011e+02	8.7268105e+01
2.3350240e+02	9.7216988e+01
2.4365466e+02	8.0505234e+01
2.5380695e+02	7.7242264e+01
2.6395923e+02	9.1597275e+01
2.7411151e+02	8.3854568e+01
2.8426379e+02	8.9154343e+01
2.9441605e+02	9.4030090e+01
3.0456833e+02	8.5471146e+01
3.1472061e+02	9.5949875e+01
3.2487289e+02	8.9544899e+01
3.3502518e+02	9.4747887e+01
3.4517746e+02	8.3575783e+01
3.5532974e+02	8.5066254e+01
3.6548199e+02	8.8981293e+01
3.7563428e+02	9.2376518e+01
3.8578656e+02	9.0787354e+01
3.9593884e+02	8.8910034e+01
4.0609113e+02	9.4083138e+01
4.1624341e+02	8.9151146e+01
4.2639566e+02	9.2219406e+01
4.3654794e+02	7.8345131e+01
4.4670023e+02	8.6120926e+01
4.5685251e+02	8.4488586e+01
4.6700479e+02	8.7696701e+01
4.7715707e+02	8.1447670e+01
4.8730933e+02	8.2081779e+01
4.9746161e+02	9.1124893e+01
5.0761389e+02	8.3021370e+01
5.1776617e+02	8.1716522e+01
5.2791846e+02	8.6079384e+01
5.3807074e+02	8.3647781e+01
5.4822302e+02	7.9839127e+01
5.5837531e+02	8.4138702e+01
5.6852759e+02	7.7570801e+01
5.7867987e+02	8.5319756e+01
5.8883209e+02	7.9670280e+01
5.9898438e+02	8.3172890e+01
6.0913666e+02	8.5819031e+01
6.1928894e+02	8.3135223e+01
6.2944122e+02	8.4911057e+01
6.3959351e+02	7.0601601e+01
6.4974579e+02	7.8607246e+01
6.5989807e+02	7.6327347e+01
6.7005035e+02	7.4431343e+01
6.8020264e+02	7.8550064e+01
6.9035492e+02	7.0584381e+01
7.0050720e+02	7.0562103e+01
7.1065948e+02	7.6023849e+01
7.2081171e+02	8.2529343e+01
7.3096399e+02	7.0111275e+01
7.4111627e+02	6.9549744e+01
7.5126855e+02	7.2876114e+01
7.6142084e+02	7.4516571e+01
7.7157312e+02	8.0240440e+01
7.8172540e+02	7.2716270e+01
7.9187769e+02	6.7725281e+01
8.0202997e+02	7.4200592e+01
8.1218225e+02	7.7199997e+01
8.2233453e+02	7.8011284e+01
8.3248682e+02	7.1233345e+01
8.4263910e+02	6.4416992e+01
8.5279132e+02	6.9940872e+01
8.6294360e+02	6.4679100e+01
8.7309589e+02	6.6735985e+01
8.8324817e+02	6.8458702e+01
8.9340045e+02	7.5755760e+01
9.0355273e+02	7.1683029e+01
9.1370502e+02	5.3491093e+01
9.2385730e+02	6.7945259e+01
9.3400958e+02	7.6000900e+01
9.4416187e+02	6.7637054e+01
9.5431415e+02	6.9414665e+01
9.6446643e+02	7.2971512e+01
9.7461865e+02	7.4532600e+01
9.8477094e+02	7.0501976e+01
9.9492322e+02	7.2160477e+01
1.0050755e+03	6.7508072e+01
1.0152278e+03	6.1032948e+01
1.0253801e+03	6.2761467e+01
1.0355323e+03	6.6236076e+01
1.0456846e+03	7.0980949e+01
1.0558369e+03	6.7555702e+01
1.0659891e+03	5.6638878e+01
1.0761415e+03	6.3826691e+01
1.0862937e+03	7.0438164e+01
1.0964460e+03	6.8139153e+01
1.1065983e+03	6.9903389e+01
1.1167506e+03	6.9948959e+01
1.1269028e+03	6.8922836e+01
1.1370552e+03	6.4818832e+01
1.1472074e+03	5.8998089e+01
1.1573597e+03	6.1520256e+01
1.1675120e+03	5.9114300e+01
1.1776642e+03	6.3029202e+01
1.1878165e+03	6.6915367e+01
1.1979688e+03	7.0187561e+01
1.2081211e+03	6.4660759e+01
1.2182733e+03	5.9961975e+01
1.2284257e+03	5.9557682e+01
1.2385779e+03	6.4548508e+01
1.2487302e+03	5.9338314e+01
1.2588824e+03	6.2197460e+01
1.2690348e+03	5.9576458e+01
1.2791870e+03	6.4688622e+01
1.2893394e+03	4.2963646e+01
1.2994916e+03	6.4392097e+01
1.3096438e+03	6.3786621e+01
1.3197961e+03	5.8329590e+01
1.3299484e+03	5.0859554e+01
1.3401007e+03	6.3058392e+01
1.3502529e+03	6.2724083e+01
1.3604053e+03	5.7186646e+01
1.3705575e+03	4.9175285e+01
1.3807098e+03	6.3563637e+01
1.3908621e+03	5.9424427e+01
1.4010144e+03	5.2829369e+01
1.4111666e+03	5.5165775e+01
1.4213190e+03	5.7416988e+01
1.4314712e+03	6.2931931e+01
1.4416234e+03	5.0481392e+01
1.4517758e+03	5.3017490e+01
1.4619280e+03	5.0068077e+01
1.4720803e+03	5.3323704e+01
1.4822325e+03	6.0340660e+01
1.4923849e+03	5.4415253e+01
1.5025371e+03	6.2360802e+01
1.5126895e+03	6.0629578e+01
1.5228417e+03	6.0986412e+01
1.5329940e+03	5.9449471e+01
1.5431462e+03	6.4022095e+01
1.5532986e+03	5.5388397e+01
1.5634508e+03	5.6222286e+01
1.5736030e+03	6.3160816e+01
1.5837554e+03	4.9320915e+01
1.5939076e+03	5.2408360e+01
1.6040599e+03	4.8402390e+01
1.6142122e+03	6.0858315e+01
1.6243645e+03	4.7076637e+01
1.6345167e+03	5.7881557e+01
1.6446691e+03	5.6975697e+01
1.6548213e+03	6.0825596e+01
1.6649736e+03	5.6212635e+01
1.6751259e+03	4.9432041e+01
1.6852782e+03	5.2212029e+01
1.6954304e+03	5.9210152e+01
1.7055826e+03	5.1706020e+01
1.7157350e+03	5.5424885e+01
1.7258872e+03	6.0507290e+01
1.7360396e+03	5.2451675e+01
1.7461918e+03	5.4359146e+01
1.7563441e+03	5.4332581e+01
1.7664963e+03	4.9350639e+01
1.7766487e+03	4.0248787e+01
1.7868009e+03	4.5120293e+01
1.7969532e+03	4.6407341e+01
1.8071055e+03	5.0354973e+01
1.8172578e+03	5.7298248e+01
1.8274100e+03	5.6047543e+01
1.8375623e+03	5.8899612e+01
1.8477146e+03	5.3208717e+01
1.8578668e+03	4.9901276e+01
1.8680192e+03	5.8106075e+01
1.8781714e+03	5.2991032e+01
1.8883237e+03	5.1981686e+01
1.8984760e+03	5.3582058e+01
1.9086283e+03	5.6540501e+01
1.9187805e+03	5.8122093e+01
1.9289329e+03	5.3988377e+01
1.9390851e+03	5.6911110e+01
1.9492373e+03	5.5343945e+01
1.9593896e+03	3.9281513e+01
1.9695419e+03	5.7781166e+01
1.9796942e+03	4.8693127e+01
1.9898464e+03	5.4186253e+01
1.9999988e+03	5.7456387e+01
2.0101510e+03	5.4781334e+01
2.0203033e+03	4.4876431e+01
2.0304556e+03	5.5890400e+01
2.0406079e+03	5.6427261e+01
2.0507603e+03	5.1810658e+01
2.0609124e+03	5.3734993e+01
2.0710647e+03	6.3486916e+01
2.0812170e+03	5.3743126e+01
2.0913691e+03	4.0306129e+01
2.1015215e+03	5.2856331e+01
2.1116738e+03	5.2104958e+01
2.1218262e+03	5.8076649e+01
2.1319783e+03	5.9007198e+01
2.1421306e+03	5.7739902e+01
2.1522830e+03	5.2502754e+01
2.1624353e+03	6.0365398e+01
2.1725874e+03	5.6009602e+01
2.1827397e+03	4.6440487e+01
2.1928921e+03	5.3353535e+01
2.2030444e+03	4.6471188e+01
2.2131965e+03	5.2967968e+01
2.2233489e+03	5.9228237e+01
2.2335012e+03	5.6703293e+01
2.2436533e+03	5.7395630e+01
2.2538057e+03	5.8730526e+01
2.2639580e+03	5.7054337e+01
2.2741104e+03	5.2038208e+01
2.2842625e+03	5.8243156e+01
2.2944148e+03	5.1692177e+01
2.3045671e+03	4.9099041e+01
2.3147195e+03	5.0289150e+01
2.3248716e+03	6.0247952e+01
2.3350239e+03	5.4081470e+01
2.3451763e+03	5.8328228e+01
2.3553284e+03	5.5562820e+01
2.3654807e+03	5.1975315e+01
2.3756331e+03	3.8089962e+01
2.3857854e+03	4.9795498e+01
2.3959375e+03	6.3212219e+01
2.4060898e+03	5.6712254e+01
2.4162422e+03	5.5283714e+01
2.4263945e+03	5.8325451e+01
2.4365466e+03	5.8397625e+01
2.4466990e+03	4.9573212e+01
2.4568513e+03	4.9914036e+01
2.4670037e+03	6.1157692e+01
2.4771558e+03	6.0017460e+01
2.4873081e+03	5.4415829e+01
2.4974604e+03	6.0518860e+01
2.5076125e+03	5.9517784e+01
2.5177649e+03	5.9535069e+01
2.5279172e+03	6.1136147e+01
2.5380696e+03	5.3709736e+01
2.5482217e+03	5.2541237e+01
2.5583740e+03	4.9295895e+01
2.5685264e+03	5.9937813e+01
2.5786787e+03	4.8169460e+01
2.5888308e+03	4.5289043e+01
2.5989832e+03	5.2036247e+01
2.6091355e+03	5.5849590e+01
2.6192876e+03	5.5174404e+01
2.6294399e+03	5.9131241e+01
2.6395923e+03	5.9687500e+01
2.6497446e+03	4.8637909e+01
2.6598967e+03	5.6923733e+01
2.6700491e+03	5.7233707e+01
2.6802014e+03	5.2110943e+01
2.6903538e+03	5.4213676e+01
2.7005059e+03	3.7957436e+01
2.7106582e+03	5.6732716e+01
2.7208105e+03	5.7338875e+01
2.7309626e+03	5.2911865e+01
2.7411150e+03	4.7728436e+01
2.7512673e+03	6.1455162e+01
2.7614197e+03	6.0693626e+01
2.7715718e+03	5.7041054e+01
2.7817241e+03	4.7473122e+01
2.7918765e+03	6.0549957e+01
2.8020288e+03	6.2044815e+01
2.8121809e+03	5.5930553e+01
2.8223333e+03	5.7318367e+01
2.8324856e+03	5.5710365e+01
2.8426379e+03	5.2910885e+01
2.8527900e+03	6.1282963e+01
2.8629424e+03	5.4503395e+01
2.8730947e+03	4.8571606e+01
2.8832468e+03	5.2180565e+01
2.8933992e+03	5.4399197e+01
2.9035515e+03	5.1642910e+01
2.9137039e+03	5.8518002e+01
2.9238560e+03	6.0376583e+01
2.9340083e+03	5.3402752e+01
2.9441606e+03	5.7534214e+01
2.9543130e+03	5.5648396e+01
2.9644651e+03	5.6161835e+01
2.9746174e+03	4.9416645e+01
2.9847698e+03	5.8186157e+01
2.9949219e+03	5.8022617e+01
3.0050742e+03	5.4426815e+01
3.0152266e+03	4.9854221e+01
3.0253789e+03	6.0764889e+01
3.0355310e+03	5.7609554e+01
3.0456833e+03	5.5019619e+01
3.0558357e+03	5.5259464e+01
3.0659880e+03	5.6507622e+01
3.0761401e+03	5.7695335e+01
3.0862925e+03	6.4292091e+01
3.0964448e+03	5.5836651e+01
3.1065972e+03	5.5426483e+01
3.1167493e+03	6.1656185e+01
3.1269016e+03	5.4123863e+01
3.1370540e+03	5.9896542e+01
3.1472061e+03	5.9112713e+01
3.1573584e+03	5.6052227e+01
3.1675107e+03	5.4914093e+01
3.1776631e+03	5.9454884e+01
3.1878152e+03	5.7121304e+01
3.1979675e+03	5.2142250e+01
3.2081199e+03	5.8621559e+01
3.2182722e+03	5.7223145e+01
3.2284243e+03	5.1324409e+01
3.2385767e+03	5.1710339e+01
3.2487290e+03	4.5962605e+01
3.2588811e+03	4.8151306e+01
3.2690334e+03	5.3987858e+01
3.2791858e+03	5.8202293e+01
3.2893381e+03	6.2826111e+01
3.2994902e+03	4.5475769e+01
3.3096426e+03	5.5648098e+01
3.3197949e+03	4.2442352e+01
3.3299473e+03	5.4428291e+01
3.3400994e+03	6.2333698e+01
3.3502517e+03	5.6505581e+01
3.3604041e+03	5.9895317e+01
3.3705564e+03	6.0186974e+01
3.3807085e+03	5.6151665e+01
3.3908608e+03	6.3647797e+01
3.4010132e+03	4.6330334e+01
3.4111653e+03	5.0280235e+01
3.4213176e+03	4.6134258e+01
3.4314700e+03	5.5084190e+01
3.4416223e+03	5.6066826e+01
3.4517744e+03	4.4938263e+01
3.4619268e+03	5.2550873e+01
3.4720791e+03	6.0544453e+01
3.4822314e+03	5.9371483e+01
3.4923835e+03	5.6165825e+01
3.5025359e+03	4.6912140e+01
3.5126882e+03	5.4496590e+01
3.5228403e+03	5.9146568e+01
3.5329927e+03	5.3551949e+01
3.5431450e+03	5.2965168e+01
3.5532974e+03	4.2231579e+01
3.5634495e+03	5.7707348e+01
3.5736018e+03	5.4390072e+01
3.5837542e+03	5.0574558e+01
3.5939065e+03	5.3894920e+01
3.6040586e+03	5.5657242e+01
3.6142109e+03	5.0726532e+01
3.6243633e+03	4.6708710e+01
3.6345156e+03	5.4437107e+01
3.6446677e+03	5.3061043e+01
3.6548201e+03	5.8070526e+01
3.6649724e+03	5.1726265e+01
3.6751245e+03	5.8421444e+01
3.6852769e+03	5.1033890e+01
3.6954292e+03	5.2351299e+01
3.7055815e+03	5.7975052e+01
3.7157336e+03	4.7011555e+01
3.7258860e+03	5.2213882e+01
3.7360383e+03	5.9231270e+01
3.7461907e+03	4.8902756e+01
3.7563428e+03	4.7944363e+01
3.7664951e+03	5.3435265e+01
3.7766475e+03	4.8384720e+01
3.7867996e+03	6.1982258e+01
3.7969519e+03	5.4365246e+01
3.8071042e+03	5.9424034e+01
3.8172566e+03	5.2362759e+01
3.8274087e+03	4.6031673e+01
3.8375610e+03	4.5684986e+01
3.8477134e+03	5.1273052e+01
3.8578657e+03	5.2803448e+01
3.8680178e+03	4.9714607e+01
3.8781702e+03	3.6740459e+01
3.8883225e+03	5.4022942e+01
3.8984746e+03	5.2617264e+01
3.9086270e+03	5.5560593e+01
3.9187793e+03	5.8836693e+01
3.9289316e+03	5.4464809e+01
3.9390837e+03	5.6178692e+01
3.9492361e+03	5.6654549e+01
3.9593884e+03	5.8848438e+01
3.9695408e+03	6.0044888e+01
3.9796929e+03	5.6696426e+01
3.9898452e+03	5.3869171e+01
3.9999976e+03	5.5775352e+01
4.0101499e+03	5.5825558e+01
4.0203020e+03	4.1060959e+01
4.0304543e+03	5.9727680e+01
4.0406067e+03	4.7327354e+01
4.0507588e+03	5.9489952e+01
4.0609111e+03	5.4233555e+01
4.0710635e+03	5.7891319e+01
4.0812158e+03	4.6728474e+01
4.0913679e+03	5.5064571e+01
4.1015205e+03	5.3309658e+01
4.1116724e+03	4.6817200e+01
4.1218247e+03	5.8677544e+01
4.1319771e+03	5.6137512e+01
4.1421294e+03	5.9480637e+01
4.1522817e+03	5.6214672e+01
4.1624341e+03	5.5952343e+01
4.1725864e+03	6.1623665e+01
4.1827383e+03	5.9077026e+01
4.1928906e+03	6.0594715e+01
4.2030430e+03	5.7522797e+01
4.2131953e+03	5.8253544e+01
4.2233477e+03	3.6490604e+01
4.2335000e+03	4.8638752e+01
4.2436523e+03	5.7000889e+01
4.2538047e+03	5.9967213e+01
4.2639565e+03	6.0827438e+01
4.2741089e+03	5.5251705e+01
4.2842612e+03	5.4308544e+01
4.2944136e+03	5.2956886e+01
4.3045659e+03	5.6942463e+01
4.3147183e+03	5.0329979e+01
4.3248706e+03	5.2826359e+01
4.3350225e+03	6.2826431e+01
4.3451748e+03	5.5471767e+01
4.3553271e+03	6.1246052e+01
4.3654795e+03	6.1028076e+01
4.3756318e+03	5.6648281e+01
4.3857842e+03	5.6449100e+01
4.3959365e+03	5.6160667e+01
4.4060889e+03	5.6591290e+01
4.4162407e+03	4.9972366e+01
4.4263931e+03	5.4975182e+01
4.4365454e+03	5.4409855e+01
4.4466978e+03	5.3065136e+01
4.4568501e+03	4.5689884e+01
4.4670024e+03	5.8880028e+01
4.4771548e+03	5.7252884e+01
4.4873066e+03	5.6931515e+01
4.4974590e+03	5.8859722e+01
4.5076113e+03	5.1894413e+01
4.5177637e+03	6.0060501e+01
4.5279160e+03	4.4463547e+01
4.5380684e+03	5.0119549e+01
4.5482207e+03	5.1353840e+01
4.5583726e+03	4.9781403e+01
4.5685249e+03	5.8060921e+01
4.5786772e+03	5.9795719e+01
4.5888296e+03	5.5099201e+01
4.5989819e+03	6.2641266e+01
4.6091343e+03	5.7756153e+01
4.6192866e+03	4.1976974e+01
4.6294390e+03	5.1650120e+01
4.6395908e+03	5.3869812e+01
4.6497432e+03	5.5372261e+01
4.6598955e+03	5.2512299e+01
4.6700479e+03	5.9322407e+01
4.6802002e+03	4.7584297e+01
4.6903525e+03	5.9113811e+01
4.7005049e+03	5.1009212e+01
4.7106567e+03	5.6671844e+01
4.7208091e+03	3.9879097e+01
4.7309614e+03	4.7052021e+01
4.7411138e+03	5.2288696e+01
4.7512661e+03	5.5559311e+01
4.7614185e+03	5.3141087e+01
4.7715708e+03	5.5070210e+01
4.7817231e+03	5.9890301e+01
4.7918750e+03	5.7227940e+01
4.8020273e+03	4.9569164e+01
4.8121797e+03	5.2583103e+01
4.8223320e+03	4.3266857e+01
4.8324844e+03	4.7895931e+01
4.8426367e+03	4.4424816e+01
4.8527891e+03	5.4900162e+01
4.8629409e+03	5.3854954e+01
4.8730933e+03	5.6383865e+01
4.8832456e+03	5.0831619e+01
4.8933979e+03	5.2517906e+01
4.9035503e+03	5.6599663e+01
4.9137026e+03	5.9374790e+01
4.9238550e+03	5.9977741e+01
4.9340073e+03	5.6766037e+01
4.9441592e+03	5.2883747e+01
4.9543115e+03	4.4428535e+01
4.9644639e+03	5.8090973e+01
4.9746162e+03	5.7701942e+01
4.9847686e+03	5.0626129e+01
4.9949209e+03	5.4897087e+01
)
