(title "Spectral Analysis of Pressure at receiver-2")
(labels "Frequency (Hz)" "Sound Pressure Level (dB)")

((xy/key/label "Pressure")
1.0204075e+01	1.0919366e+02
2.0408150e+01	1.1189002e+02
3.0612225e+01	1.0682939e+02
4.0816299e+01	1.0704415e+02
5.1020374e+01	1.0174207e+02
6.1224449e+01	9.8025642e+01
7.1428528e+01	1.0186755e+02
8.1632599e+01	1.0330561e+02
9.1836670e+01	1.0404354e+02
1.0204075e+02	1.0478677e+02
1.1224483e+02	1.0591660e+02
1.2244890e+02	9.4864212e+01
1.3265297e+02	9.6041298e+01
1.4285706e+02	1.0506678e+02
1.5306113e+02	1.0041068e+02
1.6326520e+02	1.0258145e+02
1.7346927e+02	1.0438042e+02
1.8367334e+02	8.8696228e+01
1.9387743e+02	9.9393196e+01
2.0408150e+02	9.9431122e+01
2.1428557e+02	1.1005173e+02
2.2448965e+02	1.0629193e+02
2.3469373e+02	9.5052818e+01
2.4489780e+02	8.4084282e+01
2.5510187e+02	9.1988411e+01
2.6530594e+02	8.9438171e+01
2.7551001e+02	9.2058342e+01
2.8571411e+02	9.5905304e+01
2.9591818e+02	9.8628120e+01
3.0612225e+02	8.0103088e+01
3.1632632e+02	9.0971359e+01
3.2653040e+02	9.0606857e+01
3.3673447e+02	8.9717743e+01
3.4693854e+02	9.2438042e+01
3.5714261e+02	9.1755028e+01
3.6734668e+02	8.9125458e+01
3.7755078e+02	8.8466202e+01
3.8775485e+02	8.3367195e+01
3.9795892e+02	8.7017685e+01
4.0816299e+02	8.8559036e+01
4.1836707e+02	8.6604347e+01
4.2857114e+02	9.4062073e+01
4.3877521e+02	8.4384911e+01
4.4897931e+02	8.4710747e+01
4.5918338e+02	8.5529259e+01
4.6938745e+02	8.1460342e+01
4.7959152e+02	9.0280159e+01
4.8979559e+02	8.3334404e+01
4.9999966e+02	8.0394470e+01
5.1020374e+02	8.7776688e+01
5.2040784e+02	7.8453033e+01
5.3061188e+02	8.2897804e+01
5.4081598e+02	8.0260696e+01
5.5102002e+02	8.3462761e+01
5.6122412e+02	7.2497406e+01
5.7142822e+02	8.3324654e+01
5.8163226e+02	8.2385490e+01
5.9183636e+02	7.2311378e+01
6.0204041e+02	7.8324097e+01
6.1224451e+02	8.7447037e+01
6.2244855e+02	8.2571632e+01
6.3265265e+02	8.0689903e+01
6.4285669e+02	8.1955032e+01
6.5306079e+02	8.0760437e+01
6.6326489e+02	8.2514114e+01
6.7346893e+02	7.8705353e+01
6.8367303e+02	7.8916534e+01
6.9387708e+02	6.9859650e+01
7.0408118e+02	7.8083900e+01
7.1428522e+02	8.3237465e+01
7.2448932e+02	7.4550797e+01
7.3469336e+02	7.5961952e+01
7.4489746e+02	7.1035828e+01
7.5510156e+02	7.1111748e+01
7.6530560e+02	6.9150352e+01
7.7550970e+02	7.8320602e+01
7.8571375e+02	6.8399323e+01
7.9591785e+02	7.7154625e+01
8.0612189e+02	7.3603302e+01
8.1632599e+02	8.2146347e+01
8.2653009e+02	7.2780724e+01
8.3673413e+02	7.5585922e+01
8.4693823e+02	7.1209572e+01
8.5714227e+02	6.7713409e+01
8.6734637e+02	6.7901001e+01
8.7755042e+02	6.5473640e+01
8.8775452e+02	7.4446053e+01
8.9795862e+02	7.6754868e+01
9.0816266e+02	6.6800789e+01
9.1836676e+02	7.0112030e+01
9.2857080e+02	7.3289886e+01
9.3877490e+02	7.1756538e+01
9.4897894e+02	7.1635300e+01
9.5918304e+02	6.5403221e+01
9.6938708e+02	6.6194107e+01
9.7959119e+02	7.0129944e+01
9.8979529e+02	7.4042999e+01
9.9999933e+02	6.4205994e+01
1.0102034e+03	7.2294495e+01
1.0204075e+03	6.0953014e+01
1.0306116e+03	6.4923447e+01
1.0408157e+03	5.9446693e+01
1.0510197e+03	4.9488354e+01
1.0612238e+03	6.9731438e+01
1.0714279e+03	7.0694130e+01
1.0816320e+03	6.4246696e+01
1.0918361e+03	6.6696999e+01
1.1020400e+03	6.9577576e+01
1.1122441e+03	6.3945511e+01
1.1224482e+03	6.3867836e+01
1.1326523e+03	7.0351547e+01
1.1428564e+03	6.3434589e+01
1.1530604e+03	6.7783463e+01
1.1632645e+03	6.0158871e+01
1.1734686e+03	5.6669010e+01
1.1836727e+03	7.1030533e+01
1.1938767e+03	6.7909485e+01
1.2040808e+03	6.2567162e+01
1.2142849e+03	7.0135864e+01
1.2244890e+03	6.3267967e+01
1.2346931e+03	6.7364212e+01
1.2448971e+03	6.9275200e+01
1.2551012e+03	6.4905586e+01
1.2653053e+03	7.2129822e+01
1.2755094e+03	6.5049324e+01
1.2857134e+03	6.9681038e+01
1.2959175e+03	6.8990822e+01
1.3061216e+03	6.7813271e+01
1.3163257e+03	6.7805733e+01
1.3265298e+03	6.1740093e+01
1.3367338e+03	6.2687965e+01
1.3469379e+03	6.4552208e+01
1.3571420e+03	6.1419685e+01
1.3673461e+03	6.2283600e+01
1.3775500e+03	6.7086250e+01
1.3877542e+03	6.1752956e+01
1.3979583e+03	5.3825485e+01
1.4081624e+03	6.8148697e+01
1.4183665e+03	6.8065117e+01
1.4285704e+03	5.2833813e+01
1.4387745e+03	5.9677235e+01
1.4489786e+03	6.2398376e+01
1.4591827e+03	6.4199127e+01
1.4693867e+03	6.9052826e+01
1.4795908e+03	6.8064201e+01
1.4897949e+03	6.5825569e+01
1.4999990e+03	5.9393047e+01
1.5102031e+03	6.2474384e+01
1.5204071e+03	6.4571465e+01
1.5306112e+03	5.6873005e+01
1.5408153e+03	5.5964542e+01
1.5510194e+03	5.9935963e+01
1.5612235e+03	6.1082127e+01
1.5714275e+03	6.6693840e+01
1.5816316e+03	6.1895340e+01
1.5918357e+03	6.3908169e+01
1.6020398e+03	6.1502365e+01
1.6122438e+03	5.3019863e+01
1.6224479e+03	6.2009014e+01
1.6326520e+03	6.1921165e+01
1.6428561e+03	6.7764931e+01
1.6530602e+03	6.6903145e+01
1.6632642e+03	5.6819508e+01
1.6734683e+03	6.0946182e+01
1.6836724e+03	5.4745148e+01
1.6938765e+03	5.8282455e+01
1.7040804e+03	6.6341675e+01
1.7142845e+03	4.8060951e+01
1.7244886e+03	5.8017803e+01
1.7346927e+03	6.4216187e+01
1.7448969e+03	6.4792198e+01
1.7551008e+03	6.0376133e+01
1.7653049e+03	6.6786430e+01
1.7755090e+03	5.8335648e+01
1.7857131e+03	5.9765301e+01
1.7959172e+03	5.5370716e+01
1.8061212e+03	6.0624077e+01
1.8163253e+03	6.0514591e+01
1.8265294e+03	5.7367718e+01
1.8367335e+03	5.9530025e+01
1.8469375e+03	5.9311153e+01
1.8571416e+03	6.5728836e+01
1.8673457e+03	6.5363266e+01
1.8775498e+03	6.1943695e+01
1.8877539e+03	6.2641342e+01
1.8979579e+03	6.1247406e+01
1.9081620e+03	4.0403786e+01
1.9183661e+03	6.1037838e+01
1.9285702e+03	5.0551788e+01
1.9387742e+03	5.9301929e+01
1.9489783e+03	5.9585251e+01
1.9591824e+03	6.2465290e+01
1.9693865e+03	5.4716877e+01
1.9795906e+03	5.3247711e+01
1.9897946e+03	5.9063957e+01
1.9999987e+03	6.5792763e+01
2.0102028e+03	5.8862118e+01
2.0204069e+03	5.3804821e+01
2.0306108e+03	6.1043888e+01
2.0408149e+03	5.1240860e+01
2.0510190e+03	5.6366371e+01
2.0612231e+03	5.9791981e+01
2.0714272e+03	6.0486919e+01
2.0816313e+03	5.2640163e+01
2.0918354e+03	6.0051300e+01
2.1020393e+03	6.5141762e+01
2.1122434e+03	5.4786667e+01
2.1224475e+03	6.3883308e+01
2.1326516e+03	6.3417103e+01
2.1428557e+03	5.2049709e+01
2.1530598e+03	5.8990524e+01
2.1632639e+03	5.7930256e+01
2.1734680e+03	5.8052605e+01
2.1836721e+03	5.1456814e+01
2.1938760e+03	5.4633278e+01
2.2040801e+03	5.0595425e+01
2.2142842e+03	5.4913460e+01
2.2244883e+03	6.3151299e+01
2.2346924e+03	6.3881214e+01
2.2448965e+03	6.0115582e+01
2.2551006e+03	6.1616997e+01
2.2653047e+03	6.2364365e+01
2.2755088e+03	6.0573376e+01
2.2857129e+03	6.1423374e+01
2.2959167e+03	6.4289352e+01
2.3061208e+03	5.5170631e+01
2.3163250e+03	5.5012810e+01
2.3265291e+03	6.2186726e+01
2.3367332e+03	5.8679508e+01
2.3469373e+03	5.6887711e+01
2.3571414e+03	4.8775764e+01
2.3673455e+03	6.6079544e+01
2.3775496e+03	5.7409420e+01
2.3877534e+03	5.2328529e+01
2.3979575e+03	6.6423035e+01
2.4081616e+03	6.0912701e+01
2.4183657e+03	5.8244305e+01
2.4285698e+03	4.7586697e+01
2.4387739e+03	5.4645485e+01
2.4489780e+03	5.9254314e+01
2.4591821e+03	5.9369587e+01
2.4693862e+03	5.1461948e+01
2.4795901e+03	4.9404060e+01
2.4897942e+03	5.9971973e+01
2.4999983e+03	6.1747856e+01
2.5102024e+03	5.7012508e+01
2.5204065e+03	5.0483231e+01
2.5306106e+03	5.3980305e+01
2.5408147e+03	6.3274704e+01
2.5510188e+03	6.1883659e+01
2.5612229e+03	5.2799953e+01
2.5714268e+03	5.9378544e+01
2.5816309e+03	5.4839096e+01
2.5918350e+03	5.3580963e+01
2.6020391e+03	5.2037743e+01
2.6122432e+03	6.1353142e+01
2.6224473e+03	4.7003609e+01
2.6326514e+03	6.1167713e+01
2.6428555e+03	6.2646355e+01
2.6530596e+03	5.2365231e+01
2.6632634e+03	5.7573929e+01
2.6734675e+03	5.4965248e+01
2.6836716e+03	5.5396179e+01
2.6938757e+03	6.0478062e+01
2.7040798e+03	6.2640038e+01
2.7142839e+03	6.3182522e+01
2.7244880e+03	5.6056862e+01
2.7346921e+03	5.7758373e+01
2.7448962e+03	5.6841236e+01
2.7551001e+03	5.9469334e+01
2.7653042e+03	5.5302582e+01
2.7755083e+03	5.5318165e+01
2.7857124e+03	5.8554066e+01
2.7959165e+03	5.3235847e+01
2.8061206e+03	5.5053699e+01
2.8163247e+03	4.3735020e+01
2.8265288e+03	5.5905785e+01
2.8367329e+03	5.3515064e+01
2.8469368e+03	5.8109638e+01
2.8571409e+03	5.3198769e+01
2.8673450e+03	5.9742428e+01
2.8775491e+03	5.6774044e+01
2.8877532e+03	4.9200794e+01
2.8979573e+03	5.7910454e+01
2.9081614e+03	5.4528828e+01
2.9183655e+03	5.4903698e+01
2.9285696e+03	4.9070122e+01
2.9387734e+03	6.0805325e+01
2.9489775e+03	5.6614101e+01
2.9591816e+03	5.5251812e+01
2.9693857e+03	5.1200768e+01
2.9795898e+03	5.5132492e+01
2.9897939e+03	4.7036961e+01
2.9999980e+03	5.7761436e+01
3.0102021e+03	5.5602848e+01
3.0204063e+03	6.0853573e+01
3.0306104e+03	5.2985363e+01
3.0408142e+03	5.1121861e+01
3.0510183e+03	5.1522263e+01
3.0612224e+03	5.1683998e+01
3.0714265e+03	5.6412079e+01
3.0816306e+03	5.4216751e+01
3.0918347e+03	5.4049759e+01
3.1020388e+03	6.0756557e+01
3.1122429e+03	5.1020737e+01
3.1224470e+03	5.7526482e+01
3.1326509e+03	5.5500126e+01
3.1428550e+03	4.6946434e+01
3.1530591e+03	4.6741367e+01
3.1632632e+03	5.9741432e+01
3.1734673e+03	5.4769066e+01
3.1836714e+03	4.9275959e+01
3.1938755e+03	5.4706944e+01
3.2040796e+03	5.0174332e+01
3.2142837e+03	3.6718380e+01
3.2244875e+03	5.5212605e+01
3.2346917e+03	5.6123173e+01
3.2448958e+03	5.6671204e+01
3.2550999e+03	4.3252960e+01
3.2653040e+03	4.7066235e+01
3.2755081e+03	4.9449123e+01
3.2857122e+03	5.2191399e+01
3.2959163e+03	4.7285683e+01
3.3061204e+03	5.4103882e+01
3.3163242e+03	5.0454407e+01
3.3265283e+03	4.3535770e+01
3.3367324e+03	4.5798065e+01
3.3469365e+03	4.4382187e+01
3.3571406e+03	3.7981247e+01
3.3673447e+03	5.4282341e+01
3.3775488e+03	4.4853642e+01
3.3877529e+03	4.6003742e+01
3.3979570e+03	4.9109383e+01
3.4081609e+03	5.0682224e+01
3.4183650e+03	4.8554283e+01
3.4285691e+03	5.5075829e+01
3.4387732e+03	4.9361324e+01
3.4489773e+03	4.5259960e+01
3.4591814e+03	4.7560658e+01
3.4693855e+03	4.6058903e+01
3.4795896e+03	5.1945713e+01
3.4897937e+03	5.2280704e+01
3.4999976e+03	4.3068035e+01
3.5102017e+03	4.9556637e+01
3.5204058e+03	4.5465828e+01
3.5306099e+03	5.1692669e+01
3.5408140e+03	5.2457481e+01
3.5510181e+03	4.6633671e+01
3.5612222e+03	5.2440819e+01
3.5714263e+03	4.9498596e+01
3.5816304e+03	4.1168747e+01
3.5918345e+03	4.9872437e+01
3.6020383e+03	4.7771545e+01
3.6122424e+03	5.0707645e+01
3.6224465e+03	4.8359379e+01
3.6326506e+03	4.4313995e+01
3.6428547e+03	3.8629017e+01
3.6530588e+03	4.4417519e+01
3.6632629e+03	5.1594360e+01
3.6734670e+03	4.5622215e+01
3.6836711e+03	5.1119366e+01
3.6938750e+03	5.0104900e+01
3.7040791e+03	5.2313148e+01
3.7142832e+03	4.8944744e+01
3.7244873e+03	4.9896816e+01
3.7346914e+03	5.0063953e+01
3.7448955e+03	4.3751614e+01
3.7550996e+03	5.2360485e+01
3.7653037e+03	4.7578102e+01
3.7755078e+03	2.7392477e+01
3.7857117e+03	5.1446720e+01
3.7959158e+03	4.8520325e+01
3.8061199e+03	3.9368458e+01
3.8163240e+03	5.4206699e+01
3.8265281e+03	5.1301689e+01
3.8367322e+03	5.2466415e+01
3.8469363e+03	5.1750572e+01
3.8571404e+03	5.1183220e+01
3.8673445e+03	3.4301395e+01
3.8775483e+03	4.4889835e+01
3.8877524e+03	5.0720749e+01
3.8979565e+03	4.6095009e+01
3.9081606e+03	4.9033653e+01
3.9183647e+03	4.7913113e+01
3.9285688e+03	4.7560715e+01
3.9387729e+03	4.9359371e+01
3.9489771e+03	5.1898590e+01
3.9591812e+03	4.8056953e+01
3.9693850e+03	4.7984989e+01
3.9795891e+03	5.3996700e+01
3.9897932e+03	5.0274403e+01
3.9999973e+03	5.4535404e+01
4.0102014e+03	5.0508034e+01
4.0204055e+03	4.8784920e+01
4.0306096e+03	5.3503967e+01
4.0408137e+03	4.5791286e+01
4.0510178e+03	5.1074398e+01
4.0612217e+03	5.1696686e+01
4.0714258e+03	4.6520615e+01
4.0816299e+03	5.1057384e+01
4.0918340e+03	4.9001629e+01
4.1020381e+03	4.8790588e+01
4.1122422e+03	5.1658073e+01
4.1224463e+03	4.2310970e+01
4.1326504e+03	5.1415974e+01
4.1428545e+03	4.0222157e+01
4.1530586e+03	4.5780182e+01
4.1632627e+03	5.0453201e+01
4.1734668e+03	5.5424030e+01
4.1836709e+03	5.2923355e+01
4.1938750e+03	5.0278503e+01
4.2040786e+03	4.6399544e+01
4.2142827e+03	5.3539951e+01
4.2244868e+03	4.5291065e+01
4.2346909e+03	4.9826744e+01
4.2448950e+03	4.8465099e+01
4.2550991e+03	5.1697704e+01
4.2653032e+03	4.8099369e+01
4.2755073e+03	3.6227165e+01
4.2857114e+03	3.5312031e+01
4.2959155e+03	4.5287243e+01
4.3061196e+03	5.3925312e+01
4.3163237e+03	4.6695213e+01
4.3265278e+03	5.0627148e+01
4.3367319e+03	4.6522316e+01
4.3469360e+03	4.6508682e+01
4.3571401e+03	4.8517223e+01
4.3673442e+03	4.7608040e+01
4.3775483e+03	4.8616875e+01
4.3877520e+03	4.5478497e+01
4.3979561e+03	4.1415981e+01
4.4081602e+03	4.2749355e+01
4.4183643e+03	5.2662178e+01
4.4285684e+03	5.5325653e+01
4.4387725e+03	5.2466644e+01
4.4489766e+03	5.2907421e+01
4.4591807e+03	4.8778812e+01
4.4693848e+03	5.2909290e+01
4.4795889e+03	5.4958241e+01
4.4897930e+03	4.1535534e+01
4.4999971e+03	4.9827305e+01
4.5102012e+03	4.8758091e+01
4.5204053e+03	5.0556988e+01
4.5306094e+03	4.5229584e+01
4.5408135e+03	5.5138863e+01
4.5510176e+03	5.5234379e+01
4.5612217e+03	5.3764149e+01
4.5714258e+03	4.5114273e+01
4.5816294e+03	5.1952122e+01
4.5918335e+03	5.2493443e+01
4.6020376e+03	4.5561970e+01
4.6122417e+03	5.0266163e+01
4.6224458e+03	5.7386467e+01
4.6326499e+03	4.7069641e+01
4.6428540e+03	5.1451294e+01
4.6530581e+03	4.7437572e+01
4.6632622e+03	5.0449821e+01
4.6734663e+03	4.5477222e+01
4.6836704e+03	4.5017761e+01
4.6938745e+03	5.0289722e+01
4.7040786e+03	5.0940544e+01
4.7142827e+03	4.5823761e+01
4.7244868e+03	4.9824512e+01
4.7346909e+03	4.0349068e+01
4.7448950e+03	4.3095711e+01
4.7550991e+03	4.6421261e+01
4.7653027e+03	5.2826485e+01
4.7755068e+03	5.1815907e+01
4.7857109e+03	5.3373024e+01
4.7959150e+03	5.0734013e+01
4.8061191e+03	5.3016727e+01
4.8163232e+03	5.3720768e+01
4.8265273e+03	4.3294388e+01
4.8367314e+03	4.7794167e+01
4.8469355e+03	4.7190128e+01
4.8571396e+03	4.6936287e+01
4.8673438e+03	4.5739498e+01
4.8775479e+03	4.1460613e+01
4.8877520e+03	4.4401794e+01
4.8979561e+03	4.5965141e+01
4.9081602e+03	4.9983341e+01
4.9183643e+03	5.1690216e+01
4.9285684e+03	4.2510090e+01
4.9387725e+03	5.0129238e+01
4.9489761e+03	5.1333588e+01
4.9591802e+03	3.8546352e+01
4.9693843e+03	3.6770309e+01
4.9795884e+03	5.5894070e+01
4.9897925e+03	5.3974602e+01
4.9999966e+03	2.5791523e+01
)
