(title "Spectral Analysis of Pressure at receiver-1")
(labels "Frequency (Hz)" "Sound Pressure Level (dB)")

((xy/key/label "Pressure")
1.0152278e+01	9.2329277e+01
2.0304556e+01	8.7911087e+01
3.0456833e+01	8.6780113e+01
4.0609112e+01	6.4571587e+01
5.0761391e+01	7.4569969e+01
6.0913666e+01	8.8249641e+01
7.1065948e+01	8.8248619e+01
8.1218224e+01	8.5704453e+01
9.1370499e+01	8.7883911e+01
1.0152278e+02	8.8563683e+01
1.1167506e+02	8.3554634e+01
1.2182733e+02	8.8631714e+01
1.3197961e+02	8.3536507e+01
1.4213190e+02	8.5579086e+01
1.5228416e+02	8.6185608e+01
1.6243645e+02	9.4616829e+01
1.7258873e+02	9.5458344e+01
1.8274100e+02	8.5191902e+01
1.9289328e+02	8.5984169e+01
2.0304556e+02	8.3706802e+01
2.1319783e+02	1.0028324e+02
2.2335011e+02	7.8456200e+01
2.3350240e+02	8.2095650e+01
2.4365466e+02	7.6998947e+01
2.5380695e+02	8.6792397e+01
2.6395923e+02	9.0571007e+01
2.7411151e+02	8.4346207e+01
2.8426379e+02	8.3807632e+01
2.9441605e+02	9.3629303e+01
3.0456833e+02	8.8536293e+01
3.1472061e+02	8.1476631e+01
3.2487289e+02	9.1832985e+01
3.3502518e+02	9.3957191e+01
3.4517746e+02	9.2974716e+01
3.5532974e+02	8.8676163e+01
3.6548199e+02	9.4204277e+01
3.7563428e+02	8.7319580e+01
3.8578656e+02	9.0375885e+01
3.9593884e+02	9.4586372e+01
4.0609113e+02	9.4827721e+01
4.1624341e+02	9.3350159e+01
4.2639566e+02	9.4921227e+01
4.3654794e+02	9.4756256e+01
4.4670023e+02	9.1788658e+01
4.5685251e+02	8.6278282e+01
4.6700479e+02	9.0724075e+01
4.7715707e+02	9.1612679e+01
4.8730933e+02	8.0810623e+01
4.9746161e+02	8.7097267e+01
5.0761389e+02	9.1870468e+01
5.1776617e+02	8.0864777e+01
5.2791846e+02	7.5750656e+01
5.3807074e+02	8.8153961e+01
5.4822302e+02	8.9677925e+01
5.5837531e+02	9.1860374e+01
5.6852759e+02	8.2972885e+01
5.7867987e+02	9.2938972e+01
5.8883209e+02	8.6998611e+01
5.9898438e+02	8.8900703e+01
6.0913666e+02	9.0717499e+01
6.1928894e+02	8.9548615e+01
6.2944122e+02	8.6282303e+01
6.3959351e+02	8.0461327e+01
6.4974579e+02	7.9325302e+01
6.5989807e+02	8.8060486e+01
6.7005035e+02	6.7727135e+01
6.8020264e+02	7.3118073e+01
6.9035492e+02	8.2944847e+01
7.0050720e+02	6.9222427e+01
7.1065948e+02	8.0149254e+01
7.2081171e+02	8.3152992e+01
7.3096399e+02	7.9366409e+01
7.4111627e+02	7.3659302e+01
7.5126855e+02	8.2806824e+01
7.6142084e+02	8.2523178e+01
7.7157312e+02	7.8898819e+01
7.8172540e+02	8.5318626e+01
7.9187769e+02	8.1246193e+01
8.0202997e+02	7.8333176e+01
8.1218225e+02	8.2591736e+01
8.2233453e+02	7.3285904e+01
8.3248682e+02	8.5017845e+01
8.4263910e+02	8.0959892e+01
8.5279132e+02	8.2734535e+01
8.6294360e+02	7.8533882e+01
8.7309589e+02	7.9327553e+01
8.8324817e+02	8.0152115e+01
8.9340045e+02	8.2610199e+01
9.0355273e+02	8.0699646e+01
9.1370502e+02	6.8065674e+01
9.2385730e+02	7.6580696e+01
9.3400958e+02	7.3405739e+01
9.4416187e+02	8.3670807e+01
9.5431415e+02	7.9933502e+01
9.6446643e+02	7.0289795e+01
9.7461865e+02	7.6970345e+01
9.8477094e+02	8.0014221e+01
9.9492322e+02	7.6646324e+01
1.0050755e+03	7.8028519e+01
1.0152278e+03	7.9953239e+01
1.0253801e+03	5.9493847e+01
1.0355323e+03	6.7214447e+01
1.0456846e+03	7.8466095e+01
1.0558369e+03	7.8369995e+01
1.0659891e+03	7.6041428e+01
1.0761415e+03	6.9544914e+01
1.0862937e+03	6.4146210e+01
1.0964460e+03	6.8594116e+01
1.1065983e+03	6.2066483e+01
1.1167506e+03	7.3366531e+01
1.1269028e+03	7.2376358e+01
1.1370552e+03	6.8889053e+01
1.1472074e+03	6.7204712e+01
1.1573597e+03	7.7971870e+01
1.1675120e+03	6.9959587e+01
1.1776642e+03	6.2972755e+01
1.1878165e+03	6.6233177e+01
1.1979688e+03	7.3796867e+01
1.2081211e+03	8.0356812e+01
1.2182733e+03	6.4856773e+01
1.2284257e+03	7.0810783e+01
1.2385779e+03	7.4739067e+01
1.2487302e+03	7.2943901e+01
1.2588824e+03	6.7013031e+01
1.2690348e+03	6.2683842e+01
1.2791870e+03	6.7888947e+01
1.2893394e+03	7.1301857e+01
1.2994916e+03	6.1328205e+01
1.3096438e+03	4.8917374e+01
1.3197961e+03	7.3521935e+01
1.3299484e+03	7.0282631e+01
1.3401007e+03	6.8010994e+01
1.3502529e+03	7.0184242e+01
1.3604053e+03	6.5193291e+01
1.3705575e+03	6.3545841e+01
1.3807098e+03	7.1924850e+01
1.3908621e+03	7.3197464e+01
1.4010144e+03	6.7530579e+01
1.4111666e+03	6.4348602e+01
1.4213190e+03	6.5769058e+01
1.4314712e+03	6.6199852e+01
1.4416234e+03	6.1382111e+01
1.4517758e+03	6.1187393e+01
1.4619280e+03	6.6169548e+01
1.4720803e+03	7.1444786e+01
1.4822325e+03	6.9568390e+01
1.4923849e+03	7.0980530e+01
1.5025371e+03	7.1501762e+01
1.5126895e+03	6.4633392e+01
1.5228417e+03	7.1445023e+01
1.5329940e+03	5.7057423e+01
1.5431462e+03	5.6408627e+01
1.5532986e+03	4.8196236e+01
1.5634508e+03	6.2413563e+01
1.5736030e+03	7.0824501e+01
1.5837554e+03	6.7493088e+01
1.5939076e+03	6.1785870e+01
1.6040599e+03	6.7950317e+01
1.6142122e+03	6.3832153e+01
1.6243645e+03	6.0551670e+01
1.6345167e+03	6.3243694e+01
1.6446691e+03	6.4646759e+01
1.6548213e+03	6.5254028e+01
1.6649736e+03	5.7313381e+01
1.6751259e+03	7.0150284e+01
1.6852782e+03	6.8333069e+01
1.6954304e+03	6.3309383e+01
1.7055826e+03	6.3834892e+01
1.7157350e+03	6.9470932e+01
1.7258872e+03	4.2347164e+01
1.7360396e+03	4.7607876e+01
1.7461918e+03	6.5160278e+01
1.7563441e+03	6.1695362e+01
1.7664963e+03	6.7330544e+01
1.7766487e+03	6.3019104e+01
1.7868009e+03	6.3987099e+01
1.7969532e+03	5.1480083e+01
1.8071055e+03	5.0950054e+01
1.8172578e+03	6.6331924e+01
1.8274100e+03	5.4095116e+01
1.8375623e+03	6.2197578e+01
1.8477146e+03	6.4306358e+01
1.8578668e+03	6.9109589e+01
1.8680192e+03	6.4049538e+01
1.8781714e+03	5.5387798e+01
1.8883237e+03	6.9161034e+01
1.8984760e+03	6.1953350e+01
1.9086283e+03	5.6293938e+01
1.9187805e+03	6.1469612e+01
1.9289329e+03	6.1185070e+01
1.9390851e+03	6.1636478e+01
1.9492373e+03	6.2347218e+01
1.9593896e+03	6.3615936e+01
1.9695419e+03	5.6560497e+01
1.9796942e+03	6.5254639e+01
1.9898464e+03	5.4204224e+01
1.9999988e+03	6.5293785e+01
2.0101510e+03	5.5548367e+01
2.0203033e+03	5.6092617e+01
2.0304556e+03	6.1645557e+01
2.0406079e+03	6.1861866e+01
2.0507603e+03	6.4603348e+01
2.0609124e+03	6.2736198e+01
2.0710647e+03	6.0040348e+01
2.0812170e+03	6.1421215e+01
2.0913691e+03	5.9457180e+01
2.1015215e+03	6.5999870e+01
2.1116738e+03	5.8189289e+01
2.1218262e+03	6.7179977e+01
2.1319783e+03	6.3968090e+01
2.1421306e+03	6.8105217e+01
2.1522830e+03	5.9870270e+01
2.1624353e+03	5.9713158e+01
2.1725874e+03	5.6941090e+01
2.1827397e+03	6.3648438e+01
2.1928921e+03	5.1220215e+01
2.2030444e+03	6.6362045e+01
2.2131965e+03	5.9181961e+01
2.2233489e+03	6.6722580e+01
2.2335012e+03	3.9449028e+01
2.2436533e+03	6.5713074e+01
2.2538057e+03	6.8969116e+01
2.2639580e+03	6.5488823e+01
2.2741104e+03	6.3255154e+01
2.2842625e+03	5.6654755e+01
2.2944148e+03	6.7078659e+01
2.3045671e+03	5.7951221e+01
2.3147195e+03	6.1251583e+01
2.3248716e+03	5.8339596e+01
2.3350239e+03	6.9064590e+01
2.3451763e+03	6.3244774e+01
2.3553284e+03	5.5652515e+01
2.3654807e+03	7.0302528e+01
2.3756331e+03	6.4913460e+01
2.3857854e+03	6.1579033e+01
2.3959375e+03	6.4011871e+01
2.4060898e+03	5.7725937e+01
2.4162422e+03	6.6615685e+01
2.4263945e+03	5.9267452e+01
2.4365466e+03	6.0191830e+01
2.4466990e+03	5.0430595e+01
2.4568513e+03	6.9081032e+01
2.4670037e+03	5.7682217e+01
2.4771558e+03	6.5013580e+01
2.4873081e+03	6.3193951e+01
2.4974604e+03	6.2400856e+01
2.5076125e+03	6.9448456e+01
2.5177649e+03	5.0675343e+01
2.5279172e+03	6.1739849e+01
2.5380696e+03	6.7886490e+01
2.5482217e+03	6.6483971e+01
2.5583740e+03	5.9150433e+01
2.5685264e+03	5.3730171e+01
2.5786787e+03	5.7736759e+01
2.5888308e+03	5.8897041e+01
2.5989832e+03	5.0587841e+01
2.6091355e+03	6.4004654e+01
2.6192876e+03	5.0324646e+01
2.6294399e+03	6.4636131e+01
2.6395923e+03	6.5059166e+01
2.6497446e+03	6.1249634e+01
2.6598967e+03	5.9562233e+01
2.6700491e+03	5.5920830e+01
2.6802014e+03	6.5918343e+01
2.6903538e+03	6.5109055e+01
2.7005059e+03	6.1765190e+01
2.7106582e+03	5.8752174e+01
2.7208105e+03	6.3755302e+01
2.7309626e+03	6.1431664e+01
2.7411150e+03	6.6249199e+01
2.7512673e+03	5.8055767e+01
2.7614197e+03	6.3146248e+01
2.7715718e+03	5.7727818e+01
2.7817241e+03	6.3633038e+01
2.7918765e+03	5.6624756e+01
2.8020288e+03	6.1206234e+01
2.8121809e+03	6.4899376e+01
2.8223333e+03	4.7892048e+01
2.8324856e+03	5.9923798e+01
2.8426379e+03	6.7291161e+01
2.8527900e+03	5.5039055e+01
2.8629424e+03	6.2961834e+01
2.8730947e+03	6.0919773e+01
2.8832468e+03	6.2554276e+01
2.8933992e+03	5.4806404e+01
2.9035515e+03	6.2700062e+01
2.9137039e+03	6.0568039e+01
2.9238560e+03	5.6370838e+01
2.9340083e+03	6.5343414e+01
2.9441606e+03	5.5648708e+01
2.9543130e+03	6.3052296e+01
2.9644651e+03	6.5854805e+01
2.9746174e+03	5.3686394e+01
2.9847698e+03	5.8381496e+01
2.9949219e+03	5.9801914e+01
3.0050742e+03	6.7970940e+01
3.0152266e+03	6.1237782e+01
3.0253789e+03	6.4157753e+01
3.0355310e+03	5.5095787e+01
3.0456833e+03	6.0894550e+01
3.0558357e+03	6.2025646e+01
3.0659880e+03	6.2845715e+01
3.0761401e+03	3.9396400e+01
3.0862925e+03	5.6185738e+01
3.0964448e+03	4.7092445e+01
3.1065972e+03	6.2713921e+01
3.1167493e+03	6.5605721e+01
3.1269016e+03	5.3621357e+01
3.1370540e+03	6.2840530e+01
3.1472061e+03	5.8297325e+01
3.1573584e+03	6.2240261e+01
3.1675107e+03	6.3537983e+01
3.1776631e+03	6.3685169e+01
3.1878152e+03	5.8440659e+01
3.1979675e+03	5.6775688e+01
3.2081199e+03	6.1016247e+01
3.2182722e+03	5.6267769e+01
3.2284243e+03	6.4299660e+01
3.2385767e+03	6.5055084e+01
3.2487290e+03	6.5354485e+01
3.2588811e+03	5.5798927e+01
3.2690334e+03	5.8457615e+01
3.2791858e+03	6.2912697e+01
3.2893381e+03	5.8842976e+01
3.2994902e+03	6.3083778e+01
3.3096426e+03	5.6863415e+01
3.3197949e+03	5.9654129e+01
3.3299473e+03	5.4620647e+01
3.3400994e+03	3.8066677e+01
3.3502517e+03	6.1841167e+01
3.3604041e+03	5.9995255e+01
3.3705564e+03	4.8179939e+01
3.3807085e+03	5.6569538e+01
3.3908608e+03	5.5592468e+01
3.4010132e+03	5.9514233e+01
3.4111653e+03	5.7858040e+01
3.4213176e+03	6.0158703e+01
3.4314700e+03	6.3842945e+01
3.4416223e+03	6.1571178e+01
3.4517744e+03	5.8024940e+01
3.4619268e+03	4.4864059e+01
3.4720791e+03	6.1299397e+01
3.4822314e+03	6.7343185e+01
3.4923835e+03	5.4244610e+01
3.5025359e+03	5.2300869e+01
3.5126882e+03	4.5640446e+01
3.5228403e+03	6.2804516e+01
3.5329927e+03	5.6161114e+01
3.5431450e+03	3.9074654e+01
3.5532974e+03	4.5127174e+01
3.5634495e+03	6.5154358e+01
3.5736018e+03	6.0044567e+01
3.5837542e+03	6.2296787e+01
3.5939065e+03	5.8359337e+01
3.6040586e+03	5.7280617e+01
3.6142109e+03	5.3837215e+01
3.6243633e+03	5.7182896e+01
3.6345156e+03	5.7968895e+01
3.6446677e+03	4.3887436e+01
3.6548201e+03	5.9700619e+01
3.6649724e+03	5.4573391e+01
3.6751245e+03	5.6055984e+01
3.6852769e+03	4.2130611e+01
3.6954292e+03	5.9074253e+01
3.7055815e+03	5.7206928e+01
3.7157336e+03	5.9707874e+01
3.7258860e+03	6.1333614e+01
3.7360383e+03	5.8940311e+01
3.7461907e+03	5.7537766e+01
3.7563428e+03	6.1639332e+01
3.7664951e+03	4.8765388e+01
3.7766475e+03	5.9470795e+01
3.7867996e+03	6.1611469e+01
3.7969519e+03	4.5388649e+01
3.8071042e+03	5.7690033e+01
3.8172566e+03	6.2560390e+01
3.8274087e+03	5.3105274e+01
3.8375610e+03	5.1456295e+01
3.8477134e+03	5.5646622e+01
3.8578657e+03	6.0619419e+01
3.8680178e+03	5.1570400e+01
3.8781702e+03	5.9120338e+01
3.8883225e+03	6.3051910e+01
3.8984746e+03	5.4298820e+01
3.9086270e+03	5.4334042e+01
3.9187793e+03	4.9066303e+01
3.9289316e+03	5.7300243e+01
3.9390837e+03	5.2897148e+01
3.9492361e+03	5.3015404e+01
3.9593884e+03	6.0241451e+01
3.9695408e+03	4.9760303e+01
3.9796929e+03	6.2272541e+01
3.9898452e+03	5.2345207e+01
3.9999976e+03	6.3355549e+01
4.0101499e+03	5.8126354e+01
4.0203020e+03	4.1167553e+01
4.0304543e+03	5.9546341e+01
4.0406067e+03	5.7072445e+01
4.0507588e+03	5.3151138e+01
4.0609111e+03	4.9221375e+01
4.0710635e+03	4.9264977e+01
4.0812158e+03	4.1119633e+01
4.0913679e+03	6.0767818e+01
4.1015205e+03	5.6833965e+01
4.1116724e+03	5.8871006e+01
4.1218247e+03	5.3414303e+01
4.1319771e+03	6.0518257e+01
4.1421294e+03	5.9008137e+01
4.1522817e+03	5.6529472e+01
4.1624341e+03	5.9129314e+01
4.1725864e+03	6.3776932e+01
4.1827383e+03	5.9848766e+01
4.1928906e+03	5.3760540e+01
4.2030430e+03	4.4585873e+01
4.2131953e+03	5.6343372e+01
4.2233477e+03	4.8174595e+01
4.2335000e+03	5.7143017e+01
4.2436523e+03	5.3815201e+01
4.2538047e+03	6.1366051e+01
4.2639565e+03	5.9528061e+01
4.2741089e+03	5.6956493e+01
4.2842612e+03	5.5741928e+01
4.2944136e+03	5.4044834e+01
4.3045659e+03	5.8676907e+01
4.3147183e+03	5.9265411e+01
4.3248706e+03	6.1563198e+01
4.3350225e+03	6.3970013e+01
4.3451748e+03	4.9883488e+01
4.3553271e+03	5.5291481e+01
4.3654795e+03	5.0996128e+01
4.3756318e+03	5.8689964e+01
4.3857842e+03	5.8704632e+01
4.3959365e+03	5.2255817e+01
4.4060889e+03	5.4126301e+01
4.4162407e+03	6.2543621e+01
4.4263931e+03	6.2272758e+01
4.4365454e+03	5.7167561e+01
4.4466978e+03	5.8342793e+01
4.4568501e+03	4.9590836e+01
4.4670024e+03	5.7427761e+01
4.4771548e+03	5.7976067e+01
4.4873066e+03	6.1650551e+01
4.4974590e+03	5.3898617e+01
4.5076113e+03	5.9462559e+01
4.5177637e+03	6.2272442e+01
4.5279160e+03	5.9529942e+01
4.5380684e+03	6.0681042e+01
4.5482207e+03	6.5434677e+01
4.5583726e+03	6.0477299e+01
4.5685249e+03	5.3708958e+01
4.5786772e+03	6.0838089e+01
4.5888296e+03	5.9693459e+01
4.5989819e+03	5.6663582e+01
4.6091343e+03	6.0264145e+01
4.6192866e+03	6.3826469e+01
4.6294390e+03	5.5093704e+01
4.6395908e+03	5.6492279e+01
4.6497432e+03	5.8295238e+01
4.6598955e+03	4.9383904e+01
4.6700479e+03	5.6797752e+01
4.6802002e+03	5.8863594e+01
4.6903525e+03	5.7592896e+01
4.7005049e+03	4.5192554e+01
4.7106567e+03	6.5076897e+01
4.7208091e+03	5.1437752e+01
4.7309614e+03	4.4808666e+01
4.7411138e+03	6.1901966e+01
4.7512661e+03	6.0610374e+01
4.7614185e+03	6.1783970e+01
4.7715708e+03	5.7869839e+01
4.7817231e+03	5.4958874e+01
4.7918750e+03	5.2444351e+01
4.8020273e+03	6.1443375e+01
4.8121797e+03	3.6692116e+01
4.8223320e+03	6.1132053e+01
4.8324844e+03	5.7233429e+01
4.8426367e+03	6.1811424e+01
4.8527891e+03	5.0243904e+01
4.8629409e+03	5.3723721e+01
4.8730933e+03	5.9044548e+01
4.8832456e+03	5.4221588e+01
4.8933979e+03	5.2169411e+01
4.9035503e+03	6.1728504e+01
4.9137026e+03	6.2919926e+01
4.9238550e+03	5.6723927e+01
4.9340073e+03	6.2582615e+01
4.9441592e+03	5.5508457e+01
4.9543115e+03	6.2020412e+01
4.9644639e+03	5.2556484e+01
4.9746162e+03	6.3525101e+01
4.9847686e+03	5.0949806e+01
4.9949209e+03	6.2843872e+01
)
