(title "Spectral Analysis of Pressure at receiver-1")
(labels "Frequency (Hz)" "Sound Pressure Level (dB)")

((xy/key/label "Pressure")
1.0152278e+01	8.6225578e+01
2.0304556e+01	9.2967155e+01
3.0456833e+01	8.5054443e+01
4.0609112e+01	8.4964180e+01
5.0761391e+01	8.5368965e+01
6.0913666e+01	8.3254295e+01
7.1065948e+01	8.8142502e+01
8.1218224e+01	8.4056526e+01
9.1370499e+01	8.4811287e+01
1.0152278e+02	6.8552879e+01
1.1167506e+02	8.1713394e+01
1.2182733e+02	7.9001373e+01
1.3197961e+02	7.9985695e+01
1.4213190e+02	9.0541801e+01
1.5228416e+02	8.2672142e+01
1.6243645e+02	7.5240578e+01
1.7258873e+02	9.0129349e+01
1.8274100e+02	8.9802292e+01
1.9289328e+02	8.6547981e+01
2.0304556e+02	9.3648552e+01
2.1319783e+02	1.0083237e+02
2.2335011e+02	8.7733704e+01
2.3350240e+02	8.1925323e+01
2.4365466e+02	9.1495163e+01
2.5380695e+02	8.7415596e+01
2.6395923e+02	8.4858948e+01
2.7411151e+02	8.3418434e+01
2.8426379e+02	9.0279663e+01
2.9441605e+02	8.6355865e+01
3.0456833e+02	8.9565956e+01
3.1472061e+02	9.2657433e+01
3.2487289e+02	9.1750458e+01
3.3502518e+02	7.8192932e+01
3.4517746e+02	8.4567886e+01
3.5532974e+02	9.0172935e+01
3.6548199e+02	8.4136215e+01
3.7563428e+02	9.1334282e+01
3.8578656e+02	8.9262718e+01
3.9593884e+02	8.1726967e+01
4.0609113e+02	8.0160606e+01
4.1624341e+02	9.4885315e+01
4.2639566e+02	8.8908897e+01
4.3654794e+02	8.6232651e+01
4.4670023e+02	8.9110245e+01
4.5685251e+02	8.8664261e+01
4.6700479e+02	8.8238060e+01
4.7715707e+02	8.7756104e+01
4.8730933e+02	9.1047768e+01
4.9746161e+02	8.2511986e+01
5.0761389e+02	8.5276993e+01
5.1776617e+02	8.5714211e+01
5.2791846e+02	8.5897804e+01
5.3807074e+02	8.1416061e+01
5.4822302e+02	8.8915962e+01
5.5837531e+02	8.4133339e+01
5.6852759e+02	9.3882645e+01
5.7867987e+02	8.3697174e+01
5.8883209e+02	8.7009285e+01
5.9898438e+02	8.7963341e+01
6.0913666e+02	8.7261383e+01
6.1928894e+02	8.9441132e+01
6.2944122e+02	8.1945778e+01
6.3959351e+02	8.2948471e+01
6.4974579e+02	8.7568893e+01
6.5989807e+02	8.9069862e+01
6.7005035e+02	7.3060890e+01
6.8020264e+02	9.0302872e+01
6.9035492e+02	8.4532471e+01
7.0050720e+02	8.5254341e+01
7.1065948e+02	6.2629101e+01
7.2081171e+02	5.9976234e+01
7.3096399e+02	8.2417511e+01
7.4111627e+02	8.5336349e+01
7.5126855e+02	8.3071838e+01
7.6142084e+02	7.9672775e+01
7.7157312e+02	8.8791145e+01
7.8172540e+02	7.9676270e+01
7.9187769e+02	7.6315392e+01
8.0202997e+02	8.0097748e+01
8.1218225e+02	6.7324142e+01
8.2233453e+02	7.4131035e+01
8.3248682e+02	8.3514175e+01
8.4263910e+02	8.0904335e+01
8.5279132e+02	8.4350510e+01
8.6294360e+02	7.5061920e+01
8.7309589e+02	6.6384789e+01
8.8324817e+02	7.8369118e+01
8.9340045e+02	7.9443817e+01
9.0355273e+02	7.8414391e+01
9.1370502e+02	7.9065308e+01
9.2385730e+02	7.5367195e+01
9.3400958e+02	7.0859787e+01
9.4416187e+02	6.7513062e+01
9.5431415e+02	8.5255058e+01
9.6446643e+02	7.3204910e+01
9.7461865e+02	7.5547493e+01
9.8477094e+02	7.4457481e+01
9.9492322e+02	7.1183342e+01
1.0050755e+03	7.2368355e+01
1.0152278e+03	7.8930542e+01
1.0253801e+03	7.8489029e+01
1.0355323e+03	6.5005325e+01
1.0456846e+03	7.2228378e+01
1.0558369e+03	7.6972923e+01
1.0659891e+03	6.5243423e+01
1.0761415e+03	6.7398209e+01
1.0862937e+03	7.3949173e+01
1.0964460e+03	5.8284439e+01
1.1065983e+03	6.4319160e+01
1.1167506e+03	5.9012829e+01
1.1269028e+03	6.9955833e+01
1.1370552e+03	6.3312492e+01
1.1472074e+03	6.2119915e+01
1.1573597e+03	6.9489998e+01
1.1675120e+03	7.5431038e+01
1.1776642e+03	7.4030464e+01
1.1878165e+03	6.5207054e+01
1.1979688e+03	7.0807571e+01
1.2081211e+03	7.3894142e+01
1.2182733e+03	6.6046082e+01
1.2284257e+03	7.2920074e+01
1.2385779e+03	6.3026653e+01
1.2487302e+03	5.5584126e+01
1.2588824e+03	7.1226280e+01
1.2690348e+03	5.6379616e+01
1.2791870e+03	6.7838181e+01
1.2893394e+03	7.1613281e+01
1.2994916e+03	6.9110573e+01
1.3096438e+03	6.4565834e+01
1.3197961e+03	6.1560143e+01
1.3299484e+03	6.4974091e+01
1.3401007e+03	6.3010788e+01
1.3502529e+03	6.4789665e+01
1.3604053e+03	6.6583618e+01
1.3705575e+03	6.2010429e+01
1.3807098e+03	6.6101265e+01
1.3908621e+03	5.6605228e+01
1.4010144e+03	5.8951103e+01
1.4111666e+03	5.7824711e+01
1.4213190e+03	7.2426323e+01
1.4314712e+03	5.9646297e+01
1.4416234e+03	6.0510441e+01
1.4517758e+03	5.7457138e+01
1.4619280e+03	5.3409302e+01
1.4720803e+03	5.7935413e+01
1.4822325e+03	6.2252869e+01
1.4923849e+03	5.9389191e+01
1.5025371e+03	6.0089348e+01
1.5126895e+03	5.6649120e+01
1.5228417e+03	6.7392616e+01
1.5329940e+03	5.7532108e+01
1.5431462e+03	5.7250225e+01
1.5532986e+03	6.4975853e+01
1.5634508e+03	6.2557423e+01
1.5736030e+03	6.0726967e+01
1.5837554e+03	6.0430775e+01
1.5939076e+03	5.5087315e+01
1.6040599e+03	6.3235657e+01
1.6142122e+03	6.2791733e+01
1.6243645e+03	5.9054836e+01
1.6345167e+03	5.8186333e+01
1.6446691e+03	5.6848015e+01
1.6548213e+03	6.4484024e+01
1.6649736e+03	6.2328445e+01
1.6751259e+03	6.8127693e+01
1.6852782e+03	5.9647404e+01
1.6954304e+03	5.8770420e+01
1.7055826e+03	5.6143570e+01
1.7157350e+03	6.7516121e+01
1.7258872e+03	4.7479931e+01
1.7360396e+03	6.0422813e+01
1.7461918e+03	5.8480759e+01
1.7563441e+03	5.9724251e+01
1.7664963e+03	5.9888531e+01
1.7766487e+03	4.6535469e+01
1.7868009e+03	5.9386723e+01
1.7969532e+03	5.5326588e+01
1.8071055e+03	5.6632298e+01
1.8172578e+03	5.8350136e+01
1.8274100e+03	5.2083778e+01
1.8375623e+03	4.9024094e+01
1.8477146e+03	6.5534767e+01
1.8578668e+03	5.3080048e+01
1.8680192e+03	5.5928669e+01
1.8781714e+03	5.3171513e+01
1.8883237e+03	6.1737934e+01
1.8984760e+03	5.4004135e+01
1.9086283e+03	5.9326015e+01
1.9187805e+03	6.0210285e+01
1.9289329e+03	5.6265522e+01
1.9390851e+03	4.5948288e+01
1.9492373e+03	5.2606216e+01
1.9593896e+03	6.3961803e+01
1.9695419e+03	6.0295952e+01
1.9796942e+03	6.2072376e+01
1.9898464e+03	6.2736794e+01
1.9999988e+03	6.3295902e+01
2.0101510e+03	4.8080639e+01
2.0203033e+03	6.0743637e+01
2.0304556e+03	6.2276981e+01
2.0406079e+03	6.2339962e+01
2.0507603e+03	3.7897938e+01
2.0609124e+03	5.9575474e+01
2.0710647e+03	5.6590981e+01
2.0812170e+03	4.3656746e+01
2.0913691e+03	5.5768990e+01
2.1015215e+03	5.8345329e+01
2.1116738e+03	5.9042404e+01
2.1218262e+03	6.0049026e+01
2.1319783e+03	6.0066238e+01
2.1421306e+03	4.9788162e+01
2.1522830e+03	5.9965755e+01
2.1624353e+03	5.9576954e+01
2.1725874e+03	5.4000275e+01
2.1827397e+03	6.2312351e+01
2.1928921e+03	5.6662281e+01
2.2030444e+03	5.5042301e+01
2.2131965e+03	5.2013084e+01
2.2233489e+03	6.0601040e+01
2.2335012e+03	6.3237553e+01
2.2436533e+03	5.5740726e+01
2.2538057e+03	5.8064556e+01
2.2639580e+03	6.3749020e+01
2.2741104e+03	6.3588982e+01
2.2842625e+03	6.5870056e+01
2.2944148e+03	6.2843376e+01
2.3045671e+03	4.3291943e+01
2.3147195e+03	6.5471916e+01
2.3248716e+03	6.4194817e+01
2.3350239e+03	5.9475471e+01
2.3451763e+03	5.8525352e+01
2.3553284e+03	5.8834656e+01
2.3654807e+03	5.9454121e+01
2.3756331e+03	6.4452003e+01
2.3857854e+03	6.1091232e+01
2.3959375e+03	5.8005142e+01
2.4060898e+03	6.5406029e+01
2.4162422e+03	6.3643269e+01
2.4263945e+03	5.1665760e+01
2.4365466e+03	6.2683071e+01
2.4466990e+03	5.4543716e+01
2.4568513e+03	5.8525822e+01
2.4670037e+03	6.3039719e+01
2.4771558e+03	6.0395760e+01
2.4873081e+03	6.1127621e+01
2.4974604e+03	5.8568604e+01
2.5076125e+03	5.4317329e+01
2.5177649e+03	6.2111946e+01
2.5279172e+03	5.2735161e+01
2.5380696e+03	6.4453117e+01
2.5482217e+03	5.5812489e+01
2.5583740e+03	6.3231861e+01
2.5685264e+03	5.3010490e+01
2.5786787e+03	6.2187157e+01
2.5888308e+03	6.0294582e+01
2.5989832e+03	6.0820744e+01
2.6091355e+03	5.4336033e+01
2.6192876e+03	5.2685432e+01
2.6294399e+03	5.8933620e+01
2.6395923e+03	5.6822983e+01
2.6497446e+03	6.3324257e+01
2.6598967e+03	6.5008209e+01
2.6700491e+03	6.3004303e+01
2.6802014e+03	6.6366035e+01
2.6903538e+03	5.8099422e+01
2.7005059e+03	5.3119286e+01
2.7106582e+03	5.5238873e+01
2.7208105e+03	5.4025593e+01
2.7309626e+03	6.5954605e+01
2.7411150e+03	6.3615520e+01
2.7512673e+03	6.1200535e+01
2.7614197e+03	6.5156738e+01
2.7715718e+03	5.1736012e+01
2.7817241e+03	5.0350399e+01
2.7918765e+03	6.2536728e+01
2.8020288e+03	6.4810684e+01
2.8121809e+03	6.2281288e+01
2.8223333e+03	6.5291962e+01
2.8324856e+03	6.0902435e+01
2.8426379e+03	5.9025627e+01
2.8527900e+03	5.4276176e+01
2.8629424e+03	5.2655365e+01
2.8730947e+03	6.2090870e+01
2.8832468e+03	5.8101604e+01
2.8933992e+03	5.8687679e+01
2.9035515e+03	5.3223831e+01
2.9137039e+03	6.1376583e+01
2.9238560e+03	6.1955566e+01
2.9340083e+03	6.5447586e+01
2.9441606e+03	5.3953030e+01
2.9543130e+03	6.4745132e+01
2.9644651e+03	6.4542488e+01
2.9746174e+03	6.0019764e+01
2.9847698e+03	5.7423054e+01
2.9949219e+03	4.5822071e+01
3.0050742e+03	6.1507282e+01
3.0152266e+03	5.7497387e+01
3.0253789e+03	5.8200657e+01
3.0355310e+03	4.9497028e+01
3.0456833e+03	6.0761013e+01
3.0558357e+03	5.0689350e+01
3.0659880e+03	5.5061752e+01
3.0761401e+03	5.8938614e+01
3.0862925e+03	5.0249634e+01
3.0964448e+03	6.1572727e+01
3.1065972e+03	5.6072033e+01
3.1167493e+03	6.0850487e+01
3.1269016e+03	5.5162365e+01
3.1370540e+03	5.8068314e+01
3.1472061e+03	5.7947144e+01
3.1573584e+03	5.7346069e+01
3.1675107e+03	5.9801838e+01
3.1776631e+03	6.2528976e+01
3.1878152e+03	5.2988205e+01
3.1979675e+03	5.6137409e+01
3.2081199e+03	6.2254898e+01
3.2182722e+03	5.7533642e+01
3.2284243e+03	5.6051666e+01
3.2385767e+03	5.6040920e+01
3.2487290e+03	6.1185177e+01
3.2588811e+03	5.5613678e+01
3.2690334e+03	5.1521214e+01
3.2791858e+03	4.7716953e+01
3.2893381e+03	5.5342243e+01
3.2994902e+03	6.3801022e+01
3.3096426e+03	5.5943439e+01
3.3197949e+03	5.4394547e+01
3.3299473e+03	5.9467495e+01
3.3400994e+03	6.0097458e+01
3.3502517e+03	6.0539127e+01
3.3604041e+03	4.8546623e+01
3.3705564e+03	4.7917740e+01
3.3807085e+03	4.6859833e+01
3.3908608e+03	6.1469543e+01
3.4010132e+03	5.3871788e+01
3.4111653e+03	5.9288403e+01
3.4213176e+03	5.8712067e+01
3.4314700e+03	6.2676941e+01
3.4416223e+03	5.2841442e+01
3.4517744e+03	6.0731907e+01
3.4619268e+03	5.2055824e+01
3.4720791e+03	4.0703770e+01
3.4822314e+03	5.3573624e+01
3.4923835e+03	5.2462875e+01
3.5025359e+03	5.1827473e+01
3.5126882e+03	4.5308899e+01
3.5228403e+03	5.9953728e+01
3.5329927e+03	5.9831959e+01
3.5431450e+03	5.6961006e+01
3.5532974e+03	5.8680237e+01
3.5634495e+03	4.7647926e+01
3.5736018e+03	6.1425671e+01
3.5837542e+03	5.5249413e+01
3.5939065e+03	4.9845673e+01
3.6040586e+03	5.8048679e+01
3.6142109e+03	5.8532440e+01
3.6243633e+03	4.6272057e+01
3.6345156e+03	5.5878708e+01
3.6446677e+03	4.4908367e+01
3.6548201e+03	4.6929852e+01
3.6649724e+03	5.0403011e+01
3.6751245e+03	5.7660099e+01
3.6852769e+03	5.6032852e+01
3.6954292e+03	5.3299278e+01
3.7055815e+03	4.9811069e+01
3.7157336e+03	5.9657234e+01
3.7258860e+03	5.4455708e+01
3.7360383e+03	5.8056049e+01
3.7461907e+03	5.6181690e+01
3.7563428e+03	5.3884033e+01
3.7664951e+03	5.8930706e+01
3.7766475e+03	5.5373508e+01
3.7867996e+03	5.5936211e+01
3.7969519e+03	5.2081047e+01
3.8071042e+03	6.2211037e+01
3.8172566e+03	5.9926727e+01
3.8274087e+03	5.9772087e+01
3.8375610e+03	5.5992695e+01
3.8477134e+03	5.7933083e+01
3.8578657e+03	5.1026920e+01
3.8680178e+03	4.9242336e+01
3.8781702e+03	5.4718922e+01
3.8883225e+03	5.7898285e+01
3.8984746e+03	6.2278313e+01
3.9086270e+03	5.2737568e+01
3.9187793e+03	5.8611549e+01
3.9289316e+03	5.3973007e+01
3.9390837e+03	5.1632156e+01
3.9492361e+03	5.7248466e+01
3.9593884e+03	5.7682640e+01
3.9695408e+03	5.5531479e+01
3.9796929e+03	5.4640194e+01
3.9898452e+03	5.5140099e+01
3.9999976e+03	6.3285194e+01
4.0101499e+03	4.8263332e+01
4.0203020e+03	4.3045555e+01
4.0304543e+03	5.1291546e+01
4.0406067e+03	5.4481159e+01
4.0507588e+03	5.5671078e+01
4.0609111e+03	5.9757607e+01
4.0710635e+03	5.9377613e+01
4.0812158e+03	5.2480080e+01
4.0913679e+03	4.5579971e+01
4.1015205e+03	5.5820148e+01
4.1116724e+03	5.4996834e+01
4.1218247e+03	6.1483624e+01
4.1319771e+03	5.4408112e+01
4.1421294e+03	5.4644497e+01
4.1522817e+03	6.0721161e+01
4.1624341e+03	5.6856888e+01
4.1725864e+03	5.7400688e+01
4.1827383e+03	5.7790798e+01
4.1928906e+03	5.6021725e+01
4.2030430e+03	5.9337547e+01
4.2131953e+03	5.8112679e+01
4.2233477e+03	5.1342545e+01
4.2335000e+03	6.0738979e+01
4.2436523e+03	5.8501953e+01
4.2538047e+03	5.6201828e+01
4.2639565e+03	5.6082565e+01
4.2741089e+03	5.9583885e+01
4.2842612e+03	5.7689701e+01
4.2944136e+03	5.7801662e+01
4.3045659e+03	5.5628864e+01
4.3147183e+03	5.2076881e+01
4.3248706e+03	5.3200123e+01
4.3350225e+03	5.9273399e+01
4.3451748e+03	5.1080627e+01
4.3553271e+03	5.9288986e+01
4.3654795e+03	5.5723221e+01
4.3756318e+03	6.1388630e+01
4.3857842e+03	5.5169113e+01
4.3959365e+03	5.4447746e+01
4.4060889e+03	5.9991257e+01
4.4162407e+03	5.0294601e+01
4.4263931e+03	5.7228069e+01
4.4365454e+03	5.1325577e+01
4.4466978e+03	5.0161774e+01
4.4568501e+03	5.5656017e+01
4.4670024e+03	5.6944874e+01
4.4771548e+03	5.5475765e+01
4.4873066e+03	4.5728420e+01
4.4974590e+03	5.4508270e+01
4.5076113e+03	5.1374264e+01
4.5177637e+03	4.4435490e+01
4.5279160e+03	3.5964344e+01
4.5380684e+03	6.2355190e+01
4.5482207e+03	5.4113850e+01
4.5583726e+03	4.9374844e+01
4.5685249e+03	3.8447189e+01
4.5786772e+03	5.6978226e+01
4.5888296e+03	5.3013645e+01
4.5989819e+03	5.0016579e+01
4.6091343e+03	5.3470993e+01
4.6192866e+03	5.5330944e+01
4.6294390e+03	5.6688572e+01
4.6395908e+03	5.2007442e+01
4.6497432e+03	6.1911705e+01
4.6598955e+03	5.6266987e+01
4.6700479e+03	5.3187176e+01
4.6802002e+03	5.2697083e+01
4.6903525e+03	6.0046139e+01
4.7005049e+03	5.4849144e+01
4.7106567e+03	5.8426094e+01
4.7208091e+03	4.5346897e+01
4.7309614e+03	5.0316853e+01
4.7411138e+03	4.7700706e+01
4.7512661e+03	5.6752472e+01
4.7614185e+03	5.6728329e+01
4.7715708e+03	4.9693569e+01
4.7817231e+03	6.0324570e+01
4.7918750e+03	5.6615749e+01
4.8020273e+03	4.1734016e+01
4.8121797e+03	5.4103981e+01
4.8223320e+03	5.7294991e+01
4.8324844e+03	4.9925163e+01
4.8426367e+03	5.3896912e+01
4.8527891e+03	5.3023190e+01
4.8629409e+03	5.2397842e+01
4.8730933e+03	5.7536297e+01
4.8832456e+03	4.7903847e+01
4.8933979e+03	6.0304779e+01
4.9035503e+03	5.1058105e+01
4.9137026e+03	4.6942352e+01
4.9238550e+03	5.2355881e+01
4.9340073e+03	5.5255791e+01
4.9441592e+03	4.9867802e+01
4.9543115e+03	6.1229195e+01
4.9644639e+03	5.6130341e+01
4.9746162e+03	4.5761700e+01
4.9847686e+03	5.0043495e+01
4.9949209e+03	4.9345821e+01
)
