(title "Spectral Analysis of Pressure at receiver-2")
(labels "Frequency (Hz)" "Sound Pressure Level (dB)")

((xy/key/label "Pressure")
1.0204075e+01	1.1685101e+02
2.0408150e+01	1.0969268e+02
3.0612225e+01	1.1060817e+02
4.0816299e+01	1.0821615e+02
5.1020374e+01	1.0417649e+02
6.1224449e+01	1.0232771e+02
7.1428528e+01	1.0154008e+02
8.1632599e+01	1.0824905e+02
9.1836670e+01	1.1091838e+02
1.0204075e+02	1.0278289e+02
1.1224483e+02	9.1642921e+01
1.2244890e+02	1.0735874e+02
1.3265297e+02	1.1026812e+02
1.4285706e+02	1.0838201e+02
1.5306113e+02	8.3404892e+01
1.6326520e+02	9.9658897e+01
1.7346927e+02	9.9091011e+01
1.8367334e+02	1.0138351e+02
1.9387743e+02	9.0547539e+01
2.0408150e+02	1.0454827e+02
2.1428557e+02	1.0837476e+02
2.2448965e+02	9.7452888e+01
2.3469373e+02	9.5776642e+01
2.4489780e+02	1.0088913e+02
2.5510187e+02	9.2945313e+01
2.6530594e+02	9.3095505e+01
2.7551001e+02	9.7161583e+01
2.8571411e+02	9.3482079e+01
2.9591818e+02	9.8020309e+01
3.0612225e+02	9.1197067e+01
3.1632632e+02	9.6834076e+01
3.2653040e+02	9.4879280e+01
3.3673447e+02	8.5541786e+01
3.4693854e+02	8.4938721e+01
3.5714261e+02	8.7376144e+01
3.6734668e+02	8.9108566e+01
3.7755078e+02	7.7287872e+01
3.8775485e+02	8.6385124e+01
3.9795892e+02	8.9414360e+01
4.0816299e+02	9.0496407e+01
4.1836707e+02	9.2371696e+01
4.2857114e+02	7.3608513e+01
4.3877521e+02	7.1160751e+01
4.4897931e+02	8.3226707e+01
4.5918338e+02	6.4450752e+01
4.6938745e+02	8.9392487e+01
4.7959152e+02	7.6820282e+01
4.8979559e+02	7.5782021e+01
4.9999966e+02	8.1215164e+01
5.1020374e+02	8.7063019e+01
5.2040784e+02	7.5092224e+01
5.3061188e+02	8.2644493e+01
5.4081598e+02	8.4152077e+01
5.5102002e+02	7.7420639e+01
5.6122412e+02	8.0644287e+01
5.7142822e+02	8.5042603e+01
5.8163226e+02	7.6524094e+01
5.9183636e+02	8.4030159e+01
6.0204041e+02	7.9191589e+01
6.1224451e+02	8.1750908e+01
6.2244855e+02	7.9669472e+01
6.3265265e+02	7.4790245e+01
6.4285669e+02	7.5125671e+01
6.5306079e+02	7.7294403e+01
6.6326489e+02	7.6859299e+01
6.7346893e+02	8.2229500e+01
6.8367303e+02	7.7799767e+01
6.9387708e+02	7.7550079e+01
7.0408118e+02	8.0634499e+01
7.1428522e+02	7.2539703e+01
7.2448932e+02	7.5321762e+01
7.3469336e+02	7.1538033e+01
7.4489746e+02	7.8420212e+01
7.5510156e+02	7.3968369e+01
7.6530560e+02	7.6337952e+01
7.7550970e+02	7.6705070e+01
7.8571375e+02	6.4376564e+01
7.9591785e+02	7.6050591e+01
8.0612189e+02	7.6392006e+01
8.1632599e+02	7.1604515e+01
8.2653009e+02	6.9778610e+01
8.3673413e+02	7.4940437e+01
8.4693823e+02	7.8432716e+01
8.5714227e+02	7.1834282e+01
8.6734637e+02	7.4690659e+01
8.7755042e+02	6.7592506e+01
8.8775452e+02	7.2798866e+01
8.9795862e+02	7.6023170e+01
9.0816266e+02	6.8447594e+01
9.1836676e+02	5.4968365e+01
9.2857080e+02	7.7421661e+01
9.3877490e+02	6.7556290e+01
9.4897894e+02	7.4344238e+01
9.5918304e+02	6.6167145e+01
9.6938708e+02	7.3275848e+01
9.7959119e+02	7.2912125e+01
9.8979529e+02	6.2861534e+01
9.9999933e+02	7.0649315e+01
1.0102034e+03	6.8528503e+01
1.0204075e+03	6.7534271e+01
1.0306116e+03	7.6035957e+01
1.0408157e+03	7.6207924e+01
1.0510197e+03	7.3234856e+01
1.0612238e+03	6.5501320e+01
1.0714279e+03	6.4960457e+01
1.0816320e+03	7.3343140e+01
1.0918361e+03	7.7003029e+01
1.1020400e+03	7.2910172e+01
1.1122441e+03	6.7249367e+01
1.1224482e+03	5.6128452e+01
1.1326523e+03	6.7824249e+01
1.1428564e+03	7.3769249e+01
1.1530604e+03	6.0203568e+01
1.1632645e+03	7.1049194e+01
1.1734686e+03	7.0391083e+01
1.1836727e+03	6.4152466e+01
1.1938767e+03	6.6512474e+01
1.2040808e+03	6.8792885e+01
1.2142849e+03	6.9070076e+01
1.2244890e+03	7.0442680e+01
1.2346931e+03	7.4461975e+01
1.2448971e+03	7.1817612e+01
1.2551012e+03	7.2560379e+01
1.2653053e+03	6.4160324e+01
1.2755094e+03	6.7516342e+01
1.2857134e+03	6.6086662e+01
1.2959175e+03	6.6361191e+01
1.3061216e+03	6.5907440e+01
1.3163257e+03	7.1396576e+01
1.3265298e+03	7.0775894e+01
1.3367338e+03	6.8650169e+01
1.3469379e+03	6.9606339e+01
1.3571420e+03	6.4622993e+01
1.3673461e+03	6.9216347e+01
1.3775500e+03	6.4797211e+01
1.3877542e+03	6.1527241e+01
1.3979583e+03	6.7135818e+01
1.4081624e+03	7.1199783e+01
1.4183665e+03	6.8167885e+01
1.4285704e+03	6.8226723e+01
1.4387745e+03	6.9256668e+01
1.4489786e+03	6.6564026e+01
1.4591827e+03	6.9712875e+01
1.4693867e+03	6.4186516e+01
1.4795908e+03	6.9914352e+01
1.4897949e+03	6.5324219e+01
1.4999990e+03	7.1064804e+01
1.5102031e+03	6.7902382e+01
1.5204071e+03	5.9196934e+01
1.5306112e+03	6.7438240e+01
1.5408153e+03	6.6854935e+01
1.5510194e+03	6.1079693e+01
1.5612235e+03	6.4267418e+01
1.5714275e+03	6.7894783e+01
1.5816316e+03	6.6563148e+01
1.5918357e+03	6.8688515e+01
1.6020398e+03	6.5577583e+01
1.6122438e+03	6.7685974e+01
1.6224479e+03	6.5205269e+01
1.6326520e+03	6.5642159e+01
1.6428561e+03	6.5899261e+01
1.6530602e+03	6.4839523e+01
1.6632642e+03	6.7080307e+01
1.6734683e+03	6.6584717e+01
1.6836724e+03	6.8454796e+01
1.6938765e+03	6.3232437e+01
1.7040804e+03	6.6051483e+01
1.7142845e+03	5.7938061e+01
1.7244886e+03	6.5028816e+01
1.7346927e+03	6.4636261e+01
1.7448969e+03	6.7452904e+01
1.7551008e+03	6.6388985e+01
1.7653049e+03	6.4671257e+01
1.7755090e+03	7.0136040e+01
1.7857131e+03	6.1562778e+01
1.7959172e+03	6.4381172e+01
1.8061212e+03	6.6211151e+01
1.8163253e+03	6.5454880e+01
1.8265294e+03	6.5485413e+01
1.8367335e+03	6.6819489e+01
1.8469375e+03	6.4241341e+01
1.8571416e+03	6.6446648e+01
1.8673457e+03	6.7628609e+01
1.8775498e+03	6.5093658e+01
1.8877539e+03	6.6389519e+01
1.8979579e+03	6.7258408e+01
1.9081620e+03	6.9139076e+01
1.9183661e+03	6.3344067e+01
1.9285702e+03	6.1925842e+01
1.9387742e+03	6.8696953e+01
1.9489783e+03	6.7174675e+01
1.9591824e+03	6.5912926e+01
1.9693865e+03	6.2609970e+01
1.9795906e+03	6.6779312e+01
1.9897946e+03	6.3659317e+01
1.9999987e+03	5.9895901e+01
2.0102028e+03	6.6580330e+01
2.0204069e+03	6.9760132e+01
2.0306108e+03	6.5510544e+01
2.0408149e+03	6.3259956e+01
2.0510190e+03	6.4589653e+01
2.0612231e+03	6.7941780e+01
2.0714272e+03	6.7926422e+01
2.0816313e+03	6.4996796e+01
2.0918354e+03	6.8050583e+01
2.1020393e+03	6.4438225e+01
2.1122434e+03	6.6040787e+01
2.1224475e+03	6.4900383e+01
2.1326516e+03	6.1079437e+01
2.1428557e+03	6.4936333e+01
2.1530598e+03	6.5043808e+01
2.1632639e+03	6.3625572e+01
2.1734680e+03	6.7919754e+01
2.1836721e+03	6.3602627e+01
2.1938760e+03	6.4560806e+01
2.2040801e+03	6.1554428e+01
2.2142842e+03	6.4544693e+01
2.2244883e+03	6.6854095e+01
2.2346924e+03	6.4547440e+01
2.2448965e+03	6.8011795e+01
2.2551006e+03	6.6798866e+01
2.2653047e+03	7.1482742e+01
2.2755088e+03	7.3372055e+01
2.2857129e+03	6.9330391e+01
2.2959167e+03	6.3689114e+01
2.3061208e+03	6.8116852e+01
2.3163250e+03	5.9114998e+01
2.3265291e+03	6.7827820e+01
2.3367332e+03	6.3762844e+01
2.3469373e+03	6.5698174e+01
2.3571414e+03	6.2294903e+01
2.3673455e+03	6.4665115e+01
2.3775496e+03	5.3050884e+01
2.3877534e+03	6.2944695e+01
2.3979575e+03	6.4895760e+01
2.4081616e+03	6.7816261e+01
2.4183657e+03	6.4116013e+01
2.4285698e+03	6.6144371e+01
2.4387739e+03	6.4322861e+01
2.4489780e+03	6.1764709e+01
2.4591821e+03	6.6438515e+01
2.4693862e+03	6.1545444e+01
2.4795901e+03	6.1188637e+01
2.4897942e+03	5.4834942e+01
2.4999983e+03	6.0222473e+01
2.5102024e+03	6.4291084e+01
2.5204065e+03	6.7808365e+01
2.5306106e+03	6.7836746e+01
2.5408147e+03	5.5129707e+01
2.5510188e+03	6.5633362e+01
2.5612229e+03	6.2771015e+01
2.5714268e+03	6.2610451e+01
2.5816309e+03	6.5951797e+01
2.5918350e+03	6.1493114e+01
2.6020391e+03	5.9452282e+01
2.6122432e+03	6.2799389e+01
2.6224473e+03	6.4359116e+01
2.6326514e+03	6.6112991e+01
2.6428555e+03	6.5211166e+01
2.6530596e+03	6.2787392e+01
2.6632634e+03	6.3455223e+01
2.6734675e+03	6.7519501e+01
2.6836716e+03	6.6908226e+01
2.6938757e+03	6.5275887e+01
2.7040798e+03	6.4229782e+01
2.7142839e+03	6.6401886e+01
2.7244880e+03	6.5678757e+01
2.7346921e+03	5.9496616e+01
2.7448962e+03	5.9144901e+01
2.7551001e+03	6.4576828e+01
2.7653042e+03	5.5945114e+01
2.7755083e+03	5.8719067e+01
2.7857124e+03	6.6297066e+01
2.7959165e+03	6.0137779e+01
2.8061206e+03	6.0372482e+01
2.8163247e+03	6.1995186e+01
2.8265288e+03	6.6554451e+01
2.8367329e+03	6.4884735e+01
2.8469368e+03	5.9058735e+01
2.8571409e+03	6.0305573e+01
2.8673450e+03	6.2361511e+01
2.8775491e+03	6.5712990e+01
2.8877532e+03	6.1796738e+01
2.8979573e+03	6.1295921e+01
2.9081614e+03	5.9332748e+01
2.9183655e+03	6.5791298e+01
2.9285696e+03	6.3703121e+01
2.9387734e+03	6.3735466e+01
2.9489775e+03	6.4374260e+01
2.9591816e+03	6.4466057e+01
2.9693857e+03	6.2362736e+01
2.9795898e+03	6.2300072e+01
2.9897939e+03	5.7620678e+01
2.9999980e+03	6.3041321e+01
3.0102021e+03	6.2041958e+01
3.0204063e+03	5.8157627e+01
3.0306104e+03	6.3487450e+01
3.0408142e+03	6.4447517e+01
3.0510183e+03	6.0459087e+01
3.0612224e+03	6.1974377e+01
3.0714265e+03	6.3907494e+01
3.0816306e+03	5.8923061e+01
3.0918347e+03	6.3231453e+01
3.1020388e+03	5.5991295e+01
3.1122429e+03	6.1815689e+01
3.1224470e+03	6.0906410e+01
3.1326509e+03	6.5093925e+01
3.1428550e+03	6.2038979e+01
3.1530591e+03	6.1312771e+01
3.1632632e+03	6.6771965e+01
3.1734673e+03	6.6011330e+01
3.1836714e+03	5.5088829e+01
3.1938755e+03	6.0439522e+01
3.2040796e+03	6.0542381e+01
3.2142837e+03	6.2240829e+01
3.2244875e+03	6.1970882e+01
3.2346917e+03	6.0932556e+01
3.2448958e+03	6.3283421e+01
3.2550999e+03	6.1992016e+01
3.2653040e+03	5.8959435e+01
3.2755081e+03	6.0526577e+01
3.2857122e+03	5.9825096e+01
3.2959163e+03	6.4191330e+01
3.3061204e+03	5.9313595e+01
3.3163242e+03	6.1328274e+01
3.3265283e+03	6.1829456e+01
3.3367324e+03	6.3300327e+01
3.3469365e+03	6.0907227e+01
3.3571406e+03	5.8691261e+01
3.3673447e+03	6.0294804e+01
3.3775488e+03	6.1155121e+01
3.3877529e+03	6.1101704e+01
3.3979570e+03	6.0664112e+01
3.4081609e+03	6.2257191e+01
3.4183650e+03	6.1094482e+01
3.4285691e+03	6.1909504e+01
3.4387732e+03	6.0237946e+01
3.4489773e+03	6.0926216e+01
3.4591814e+03	6.0348194e+01
3.4693855e+03	6.0207314e+01
3.4795896e+03	6.1032894e+01
3.4897937e+03	6.1743244e+01
3.4999976e+03	6.0750637e+01
3.5102017e+03	6.1030521e+01
3.5204058e+03	6.0873981e+01
3.5306099e+03	6.1950794e+01
3.5408140e+03	6.0170559e+01
3.5510181e+03	6.0894875e+01
3.5612222e+03	6.0120926e+01
3.5714263e+03	6.1525276e+01
3.5816304e+03	5.8946880e+01
3.5918345e+03	6.0210968e+01
3.6020383e+03	6.0802921e+01
3.6122424e+03	6.1904968e+01
3.6224465e+03	6.1584076e+01
3.6326506e+03	5.9749813e+01
3.6428547e+03	6.3449543e+01
3.6530588e+03	6.1937168e+01
3.6632629e+03	6.2793419e+01
3.6734670e+03	5.7794174e+01
3.6836711e+03	6.0630672e+01
3.6938750e+03	6.0903198e+01
3.7040791e+03	6.0630146e+01
3.7142832e+03	6.1110134e+01
3.7244873e+03	6.0456432e+01
3.7346914e+03	6.0918030e+01
3.7448955e+03	5.9995220e+01
3.7550996e+03	5.9954025e+01
3.7653037e+03	6.0865513e+01
3.7755078e+03	6.0574657e+01
3.7857117e+03	6.0775166e+01
3.7959158e+03	6.0729916e+01
3.8061199e+03	5.9762810e+01
3.8163240e+03	6.0521713e+01
3.8265281e+03	6.1805153e+01
3.8367322e+03	6.0045120e+01
3.8469363e+03	6.1391636e+01
3.8571404e+03	6.0928604e+01
3.8673445e+03	6.0812359e+01
3.8775483e+03	6.0645664e+01
3.8877524e+03	6.0237045e+01
3.8979565e+03	5.9832947e+01
3.9081606e+03	6.1474232e+01
3.9183647e+03	6.0844131e+01
3.9285688e+03	6.0811596e+01
3.9387729e+03	6.0738804e+01
3.9489771e+03	6.1688263e+01
3.9591812e+03	5.9922691e+01
3.9693850e+03	6.0916264e+01
3.9795891e+03	6.1007057e+01
3.9897932e+03	5.9701263e+01
3.9999973e+03	5.7289204e+01
4.0102014e+03	6.1101345e+01
4.0204055e+03	6.0790913e+01
4.0306096e+03	5.9960007e+01
4.0408137e+03	5.9818939e+01
4.0510178e+03	5.8562244e+01
4.0612217e+03	5.9409195e+01
4.0714258e+03	6.4083168e+01
4.0816299e+03	6.1153362e+01
4.0918340e+03	6.0820549e+01
4.1020381e+03	6.2686703e+01
4.1122422e+03	5.9563671e+01
4.1224463e+03	6.1394718e+01
4.1326504e+03	5.9173634e+01
4.1428545e+03	5.8823811e+01
4.1530586e+03	5.8660397e+01
4.1632627e+03	5.9184155e+01
4.1734668e+03	5.8456013e+01
4.1836709e+03	5.9048870e+01
4.1938750e+03	5.8515583e+01
4.2040786e+03	6.1691338e+01
4.2142827e+03	5.7974018e+01
4.2244868e+03	6.0351917e+01
4.2346909e+03	5.7855087e+01
4.2448950e+03	5.9576385e+01
4.2550991e+03	5.9430672e+01
4.2653032e+03	6.1097939e+01
4.2755073e+03	5.8799641e+01
4.2857114e+03	5.8974216e+01
4.2959155e+03	5.7545551e+01
4.3061196e+03	6.0291847e+01
4.3163237e+03	6.0368668e+01
4.3265278e+03	6.1181801e+01
4.3367319e+03	5.9698559e+01
4.3469360e+03	6.0024147e+01
4.3571401e+03	5.9721561e+01
4.3673442e+03	5.9108067e+01
4.3775483e+03	6.2879265e+01
4.3877520e+03	5.9674232e+01
4.3979561e+03	5.9121849e+01
4.4081602e+03	5.9721897e+01
4.4183643e+03	6.0570293e+01
4.4285684e+03	5.8513416e+01
4.4387725e+03	6.1529869e+01
4.4489766e+03	6.0286842e+01
4.4591807e+03	5.8896393e+01
4.4693848e+03	5.9451359e+01
4.4795889e+03	5.9369953e+01
4.4897930e+03	5.7752098e+01
4.4999971e+03	6.0667095e+01
4.5102012e+03	5.9290489e+01
4.5204053e+03	6.0675041e+01
4.5306094e+03	6.0256405e+01
4.5408135e+03	6.3425858e+01
4.5510176e+03	6.0492546e+01
4.5612217e+03	6.5830536e+01
4.5714258e+03	5.9550632e+01
4.5816294e+03	6.0089615e+01
4.5918335e+03	6.2243793e+01
4.6020376e+03	5.8154114e+01
4.6122417e+03	6.1277008e+01
4.6224458e+03	5.9161346e+01
4.6326499e+03	6.0512646e+01
4.6428540e+03	6.1958809e+01
4.6530581e+03	6.1232227e+01
4.6632622e+03	5.9067608e+01
4.6734663e+03	5.9763233e+01
4.6836704e+03	5.9659557e+01
4.6938745e+03	6.1498680e+01
4.7040786e+03	5.9230381e+01
4.7142827e+03	6.2077198e+01
4.7244868e+03	6.1002151e+01
4.7346909e+03	5.8902775e+01
4.7448950e+03	6.0478722e+01
4.7550991e+03	6.2626091e+01
4.7653027e+03	6.0412952e+01
4.7755068e+03	6.1212746e+01
4.7857109e+03	5.8846645e+01
4.7959150e+03	5.9288425e+01
4.8061191e+03	5.9575516e+01
4.8163232e+03	5.9270321e+01
4.8265273e+03	6.1668610e+01
4.8367314e+03	6.1750744e+01
4.8469355e+03	6.0177448e+01
4.8571396e+03	5.9875839e+01
4.8673438e+03	6.0889957e+01
4.8775479e+03	6.0718796e+01
4.8877520e+03	6.1213436e+01
4.8979561e+03	5.8119102e+01
4.9081602e+03	6.0988163e+01
4.9183643e+03	6.0185040e+01
4.9285684e+03	5.9885601e+01
4.9387725e+03	5.9096729e+01
4.9489761e+03	6.0161495e+01
4.9591802e+03	5.8896587e+01
4.9693843e+03	6.0741432e+01
4.9795884e+03	6.0215946e+01
4.9897925e+03	6.0589653e+01
4.9999966e+03	5.6549782e+01
)
